0 0 0.00141093
0.04 0 0.00321049
0.08 0 0.00561964
0.12 0 0.00876385
0.16 0 0.0127086
0.2 0 0.0174761
0.24 0 0.023052
0.28 0 0.0293861
0.32 0 0.0363906
0.36 0 0.0439358
0.4 0 0.0518459
0.44 0 0.0598949
0.48 0 0.0678039
0.52 0 0.0752414
0.56 0 0.0818272
0.6 0 0.087141
0.64 0 0.0907379
0.68 0 0.0921703
0.72 0 0.0910175
0.76 0 0.0869233
0.8 0 0.0796388
0.84 0 0.0690696
0.88 0 0.0553242
0.92 0 0.038757
0.96 0 0.0200031
0 0.08 0.00126733
0.04 0.08 0.00398259
0.08 0.08 0.0082988
0.12 0.08 0.0143247
0.16 0.08 0.0221241
0.2 0.08 0.0317145
0.24 0.08 0.0430624
0.28 0.08 0.0560759
0.32 0.08 0.0705943
0.36 0.08 0.0863755
0.4 0.08 0.103083
0.44 0.08 0.120275
0.48 0.08 0.137394
0.52 0.08 0.15376
0.56 0.08 0.168578
0.6 0.08 0.180949
0.64 0.08 0.189896
0.68 0.08 0.194408
0.72 0.08 0.193499
0.76 0.08 0.186287
0.8 0.08 0.17209
0.84 0.08 0.150532
0.88 0.08 0.121662
0.92 0.08 0.0860508
0.96 0.08 0.0448847
0 0.16 0.000383351
0.04 0.16 0.00338832
0.08 0.16 0.00912371
0.12 0.16 0.0176726
0.16 0.16 0.0290835
0.2 0.16 0.0433601
0.24 0.16 0.0604467
0.28 0.16 0.0802116
0.32 0.16 0.102426
0.36 0.16 0.126743
0.4 0.16 0.15267
0.44 0.16 0.179551
0.48 0.16 0.206544
0.52 0.16 0.232612
0.56 0.16 0.256521
0.6 0.16 0.276855
0.64 0.16 0.292059
0.68 0.16 0.300493
0.72 0.16 0.300532
0.76 0.16 0.290687
0.8 0.16 0.269757
0.84 0.16 0.237012
0.88 0.16 0.19238
0.92 0.16 0.136635
0.96 0.16 0.0715508
0 0.24 -0.000946865
0.04 0.24 0.00190239
0.08 0.24 0.00863651
0.12 0.24 0.0193243
0.16 0.24 0.0340041
0.2 0.24 0.0526675
0.24 0.24 0.0752392
0.28 0.24 0.101551
0.32 0.24 0.13131
0.36 0.24 0.164069
0.4 0.24 0.199186
0.44 0.24 0.235795
0.48 0.24 0.272772
0.52 0.24 0.30872
0.56 0.24 0.341963
0.6 0.24 0.370561
0.64 0.24 0.392363
0.68 0.24 0.405085
0.72 0.24 0.406441
0.76 0.24 0.394308
0.8 0.24 0.366945
0.84 0.24 0.323245
0.88 0.24 0.263005
0.92 0.24 0.1872
0.96 0.24 0.0982163
0 0.32 -0.00258407
0.04 0.32 -0.000241746
0.08 0.32 0.00710738
0.12 0.32 0.0195264
0.16 0.32 0.0370489
0.2 0.32 0.0596596
0.24 0.32 0.0872676
0.28 0.32 0.119673
0.32 0.32 0.156527
0.36 0.32 0.197287
0.4 0.32 0.241172
0.44 0.32 0.287115
0.48 0.32 0.333726
0.52 0.32 0.37926
0.56 0.32 0.421613
0.6 0.32 0.458338
0.64 0.32 0.486702
0.68 0.32 0.503795
0.72 0.32 0.50668
0.76 0.32 0.492616
0.8 0.32 0.459329
0.84 0.32 0.405341
0.88 0.32 0.33032
0.92 0.32 0.235435
0.96 0.32 0.123663
0 0.4 -0.00444377
0.04 0.4 -0.00290413
0.08 0.4 0.00469448
0.12 0.4 0.0184128
0.16 0.4 0.0382832
0.2 0.4 0.064287
0.24 0.4 0.0963223
0.28 0.4 0.134163
0.32 0.4 0.177412
0.36 0.4 0.225446
0.4 0.4 0.277356
0.44 0.4 0.331894
0.48 0.4 0.387425
0.52 0.4 0.441885
0.56 0.4 0.492771
0.6 0.4 0.537165
0.64 0.4 0.571793
0.68 0.4 0.593155
0.72 0.4 0.597706
0.76 0.4 0.582121
0.8 0.4 0.543625
0.84 0.4 0.480386
0.88 0.4 0.391942
0.92 0.4 0.27964
0.96 0.4 0.147004
0 0.48 -0.00645695
0.04 0.48 -0.00596947
0.08 0.48 0.00153159
0.12 0.48 0.0161042
0.16 0.48 0.0377802
0.2 0.48 0.0665396
0.24 0.48 0.102274
0.28 0.48 0.144737
0.32 0.48 0.193494
0.36 0.48 0.247852
0.4 0.48 0.306796
0.44 0.48 0.368923
0.48 0.48 0.43238
0.52 0.48 0.494823
0.56 0.48 0.553399
0.6 0.48 0.604764
0.64 0.48 0.645163
0.68 0.48 0.670561
0.72 0.48 0.676865
0.76 0.48 0.66022
0.8 0.48 0.617389
0.84 0.48 0.546214
0.88 0.48 0.446108
0.92 0.48 0.318561
0.96 0.48 0.167582
0 0.56 -0.00855321
0.04 0.56 -0.0093157
0.08 0.56 -0.00222941
0.12 0.56 0.0127579
0.16 0.56 0.0356764
0.2 0.56 0.0665054
0.24 0.56 0.105132
0.28 0.56 0.1513
0.32 0.56 0.204545
0.36 0.56 0.264121
0.4 0.56 0.32893
0.44 0.56 0.39744
0.48 0.56 0.467624
0.52 0.56 0.5369
0.56 0.56 0.602118
0.6 0.56 0.659576
0.64 0.56 0.705099
0.68 0.56 0.734196
0.72 0.56 0.742294
0.76 0.56 0.725072
0.8 0.56 0.678887
0.84 0.56 0.601284
0.88 0.56 0.491553
0.92 0.56 0.351296
0.96 0.56 0.184923
0 0.64 -0.0106554
0.04 0.64 -0.0128039
0.08 0.64 -0.006405
0.12 0.64 0.00858342
0.16 0.64 0.0321872
0.2 0.64 0.064385
0.24 0.64 0.105063
0.28 0.64 0.153959
0.32 0.64 0.210591
0.36 0.64 0.27418
0.4 0.64 0.343566
0.44 0.64 0.417124
0.48 0.64 0.492689
0.52 0.64 0.567498
0.56 0.64 0.638163
0.6 0.64 0.700692
0.64 0.64 0.750575
0.68 0.64 0.782941
0.72 0.64 0.792819
0.76 0.64 0.775499
0.8 0.64 0.726991
0.84 0.64 0.644581
0.88 0.64 0.527439
0.92 0.64 0.37724
0.96 0.64 0.198708
0 0.72 -0.0126805
0.04 0.72 -0.0162805
0.08 0.72 -0.0107838
0.12 0.72 0.00383631
0.16 0.72 0.0275982
0.2 0.72 0.0604787
0.24 0.72 0.102366
0.28 0.72 0.152997
0.32 0.72 0.211884
0.36 0.72 0.27823
0.4 0.72 0.350841
0.44 0.72 0.428031
0.48 0.72 0.507543
0.52 0.72 0.586484
0.56 0.72 0.661298
0.6 0.72 0.727778
0.64 0.72 0.781158
0.68 0.72 0.816281
0.72 0.72 0.827867
0.76 0.72 0.810896
0.8 0.72 0.761099
0.84 0.72 0.675545
0.88 0.72 0.55329
0.92 0.72 0.396044
0.96 0.72 0.208749
0 0.8 -0.0145438
0.04 0.8 -0.0195853
0.08 0.8 -0.0151392
0.12 0.8 -0.00119936
0.16 0.8 0.0222416
0.2 0.8 0.0551577
0.24 0.8 0.0974397
0.28 0.8 0.14883
0.32 0.8 0.208846
0.36 0.8 0.27669
0.4 0.8 0.351155
0.44 0.8 0.430531
0.48 0.8 0.512512
0.52 0.8 0.594134
0.56 0.8 0.671735
0.6 0.8 0.740975
0.64 0.8 0.79692
0.68 0.8 0.834218
0.72 0.8 0.847373
0.76 0.8 0.831146
0.8 0.8 0.781057
0.84 0.8 0.694006
0.88 0.8 0.568945
0.92 0.8 0.407578
0.96 0.8 0.214972
0 0.88 -0.0161643
0.04 0.88 -0.0225622
0.08 0.88 -0.0192451
0.12 0.88 -0.00623231
0.16 0.88 0.0164697
0.2 0.88 0.0488305
0.24 0.88 0.0907447
0.28 0.88 0.141965
0.32 0.88 0.202022
0.36 0.88 0.270133
0.4 0.88 0.345105
0.44 0.88 0.425231
0.48 0.88 0.508204
0.52 0.88 0.59104
0.56 0.88 0.670042
0.6 0.88 0.740813
0.64 0.88 0.798342
0.68 0.88 0.837175
0.72 0.88 0.851699
0.76 0.88 0.836541
0.8 0.88 0.787091
0.84 0.88 0.700126
0.88 0.88 0.574509
0.92 0.88 0.411902
0.96 0.88 0.217402
0 0.96 -0.0174692
0.04 0.96 -0.0250686
0.08 0.96 -0.0228911
0.12 0.96 -0.0109843
0.16 0.96 0.0106284
0.2 0.96 0.041911
0.24 0.96 0.0827626
0.28 0.96 0.13295
0.32 0.96 0.192025
0.36 0.96 0.259234
0.4 0.96 0.333418
0.44 0.96 0.412906
0.48 0.96 0.495428
0.52 0.96 0.578036
0.56 0.96 0.657061
0.6 0.96 0.728129
0.64 0.96 0.786235
0.68 0.96 0.825921
0.72 0.96 0.84155
0.76 0.96 0.827713
0.8 0.96 0.779741
0.84 0.96 0.694346
0.88 0.96 0.570315
0.92 0.96 0.409236
0.96 0.96 0.216147
0 1.04 -0.0183982
0.04 1.04 -0.0269842
0.08 1.04 -0.0258943
0.12 1.04 -0.015207
0.16 1.04 0.00503581
0.2 1.04 0.0347916
0.24 1.04 0.0739644
0.28 1.04 0.122337
0.32 1.04 0.179492
0.36 1.04 0.244714
0.4 1.04 0.316897
0.44 1.04 0.394435
0.48 1.04 0.475132
0.52 1.04 0.556125
0.56 1.04 0.633836
0.6 1.04 0.703985
0.64 1.04 0.761661
0.68 1.04 0.801492
0.72 1.04 0.817914
0.76 1.04 0.805568
0.8 1.04 0.759811
0.84 1.04 0.677338
0.88 1.04 0.556885
0.92 1.04 0.399938
0.96 1.04 0.211388
0 1.12 -0.0189063
0.04 1.12 -0.0282158
0.08 1.12 -0.0281088
0.12 1.12 -0.0186946
0.16 1.12 -3.4148e-05
0.2 1.12 0.0278228
0.24 1.12 0.0647854
0.28 1.12 0.110656
0.32 1.12 0.165048
0.36 1.12 0.227301
0.4 1.12 0.296373
0.44 1.12 0.370749
0.48 1.12 0.448342
0.52 1.12 0.526417
0.56 1.12 0.601545
0.6 1.12 0.669608
0.64 1.12 0.725869
0.68 1.12 0.765129
0.72 1.12 0.781989
0.76 1.12 0.77123
0.8 1.12 0.728309
0.84 1.12 0.649965
0.88 1.12 0.534899
0.92 1.12 0.384477
0.96 1.12 0.203365
0 1.2 -0.0189653
0.04 1.2 -0.0287019
0.08 1.2 -0.0294309
0.12 1.2 -0.0212913
0.16 1.2 -0.00436249
0.2 1.2 0.0212987
0.24 1.2 0.0556069
0.28 1.2 0.0983842
0.32 1.2 0.149283
0.36 1.2 0.207698
0.4 1.2 0.272671
0.44 1.2 0.342795
0.48 1.2 0.416121
0.52 1.2 0.490082
0.56 1.2 0.56145
0.6 1.2 0.626332
0.64 1.2 0.680237
0.68 1.2 0.718221
0.72 1.2 0.735137
0.76 1.2 0.725988
0.8 1.2 0.686408
0.84 1.2 0.613234
0.88 1.2 0.505161
0.92 1.2 0.363414
0.96 1.2 0.192367
0 1.28 -0.0185648
0.04 1.28 -0.0284128
0.08 1.28 -0.0298015
0.12 1.28 -0.0228956
0.16 1.28 -0.00779098
0.2 1.28 0.0154492
0.24 1.28 0.0467455
0.28 1.28 0.0859405
0.32 1.28 0.132726
0.36 1.28 0.186561
0.4 1.28 0.246578
0.44 1.28 0.311495
0.48 1.28 0.379526
0.52 1.28 0.448307
0.56 1.28 0.514852
0.6 1.28 0.575551
0.64 1.28 0.626223
0.68 1.28 0.662256
0.72 1.28 0.67883
0.76 1.28 0.671253
0.8 1.28 0.635403
0.84 1.28 0.568271
0.88 1.28 0.468572
0.92 1.28 0.337381
0.96 1.28 0.178722
0 1.36 -0.0177113
0.04 1.36 -0.0273514
0.08 1.36 -0.0292061
0.12 1.36 -0.0234606
0.16 1.36 -0.0102238
0.2 1.36 0.0104365
0.24 1.36 0.0384469
0.28 1.36 0.0736709
0.32 1.36 0.115841
0.36 1.36 0.164482
0.4 1.36 0.218827
0.44 1.36 0.27773
0.48 1.36 0.339586
0.52 1.36 0.402262
0.56 1.36 0.463055
0.6 1.36 0.51868
0.64 1.36 0.565327
0.68 1.36 0.598778
0.72 1.36 0.614613
0.76 1.36 0.608514
0.8 1.36 0.576672
0.84 1.36 0.516281
0.88 1.36 0.426106
0.92 1.36 0.307067
0.96 1.36 0.162787
0 1.44 -0.0164277
0.04 1.44 -0.0255506
0.08 1.44 -0.0276726
0.12 1.44 -0.022992
0.16 1.44 -0.011626
0.2 1.44 0.00635516
0.24 1.44 0.0308848
0.28 1.44 0.0618471
0.32 1.44 0.0990154
0.36 1.44 0.141982
0.4 1.44 0.190082
0.44 1.44 0.242316
0.48 1.44 0.297275
0.52 1.44 0.353079
0.56 1.44 0.407333
0.6 1.44 0.457121
0.64 1.44 0.49905
0.68 1.44 0.52935
0.72 1.44 0.544063
0.76 1.44 0.539308
0.8 1.44 0.511647
0.84 1.44 0.458527
0.88 1.44 0.378788
0.92 1.44 0.273199
0.96 1.44 0.144943
0 1.52 -0.0147517
0.04 1.52 -0.0230711
0.08 1.52 -0.0252679
0.12 1.52 -0.0215441
0.16 1.52 -0.0120196
0.2 1.52 0.00323594
0.24 1.52 0.0241633
0.28 1.52 0.0506666
0.32 1.52 0.0825588
0.36 1.52 0.119499
0.4 1.52 0.160928
0.44 1.52 0.205996
0.48 1.52 0.253501
0.52 1.52 0.301827
0.56 1.52 0.348913
0.6 1.52 0.392241
0.64 1.52 0.428869
0.68 1.52 0.455526
0.72 1.52 0.468762
0.76 1.52 0.465188
0.8 1.52 0.441786
0.84 1.52 0.396298
0.88 1.52 0.327672
0.92 1.52 0.236526
0.96 1.52 0.125581
0 1.6 -0.0127341
0.04 1.6 -0.0199983
0.08 1.6 -0.0220932
0.12 1.6 -0.0192144
0.16 1.6 -0.0114778
0.2 1.6 0.00105103
0.24 1.6 0.0183212
0.28 1.6 0.0402561
0.32 1.6 0.0667061
0.36 1.6 0.0973966
0.4 1.6 0.131871
0.44 1.6 0.169432
0.48 1.6 0.209087
0.52 1.6 0.249498
0.56 1.6 0.28895
0.6 1.6 0.325341
0.64 1.6 0.356213
0.68 1.6 0.378821
0.72 1.6 0.390267
0.76 1.6 0.387692
0.8 1.6 0.368542
0.84 1.6 0.330893
0.88 1.6 0.273824
0.92 1.6 0.197813
0.96 1.6 0.105106
0 1.68 -0.010437
0.04 1.68 -0.0164382
0.08 1.68 -0.0182793
0.12 1.68 -0.0161379
0.16 1.68 -0.0101184
0.2 1.68 -0.000279007
0.24 1.68 0.0133389
0.28 1.68 0.0306765
0.32 1.68 0.0516197
0.36 1.68 0.0759566
0.4 1.68 0.103331
0.44 1.68 0.133198
0.48 1.68 0.164773
0.52 1.68 0.196999
0.56 1.68 0.228515
0.6 1.68 0.257648
0.64 1.68 0.282438
0.68 1.68 0.300691
0.72 1.68 0.310086
0.76 1.68 0.308325
0.8 1.68 0.29335
0.84 1.68 0.263598
0.88 1.68 0.218306
0.92 1.68 0.157825
0.96 1.68 0.083919
0 1.76 -0.00793164
0.04 1.76 -0.0125145
0.08 1.76 -0.0139814
0.12 1.76 -0.01248
0.16 1.76 -0.00809642
0.2 1.76 -0.000877457
0.24 1.76 0.00914544
0.28 1.76 0.0219303
0.32 1.76 0.0373955
0.36 1.76 0.0553884
0.4 1.76 0.07565
0.44 1.76 0.0977805
0.48 1.76 0.121204
0.52 1.76 0.145141
0.56 1.76 0.168584
0.6 1.76 0.190295
0.64 1.76 0.208816
0.68 1.76 0.222515
0.72 1.76 0.229662
0.76 1.76 0.228538
0.8 1.76 0.217601
0.84 1.76 0.195672
0.88 1.76 0.162163
0.92 1.76 0.117316
0.96 1.76 0.0624227
0 1.84 -0.00529769
0.04 1.84 -0.00836511
0.08 1.84 -0.00937398
0.12 1.84 -0.00843067
0.16 1.84 -0.0055962
0.2 1.84 -0.000903242
0.24 1.84 0.00562731
0.28 1.84 0.0139688
0.32 1.84 0.0240695
0.36 1.84 0.0358315
0.4 1.84 0.0490878
0.44 1.84 0.0635792
0.48 1.84 0.0789313
0.52 1.84 0.0946348
0.56 1.84 0.110032
0.6 1.84 0.124311
0.64 1.84 0.136517
0.68 1.84 0.145577
0.72 1.84 0.150351
0.76 1.84 0.149709
0.8 1.84 0.14263
0.84 1.84 0.128331
0.88 1.84 0.106415
0.92 1.84 0.0770307
0.96 1.84 0.0410125
0 1.92 -0.00262201
0.04 1.92 -0.00414005
0.08 1.92 -0.00464671
0.12 1.92 -0.00419755
0.16 1.92 -0.00282395
0.2 1.92 -0.000542467
0.24 1.92 0.00263664
0.28 1.92 0.00670066
0.32 1.92 0.0116249
0.36 1.92 0.0173622
0.4 1.92 0.0238319
0.44 1.92 0.0309083
0.48 1.92 0.0384093
0.52 1.92 0.046087
0.56 1.92 0.0536203
0.6 1.92 0.0606132
0.64 1.92 0.0665986
0.68 1.92 0.0710517
0.72 1.92 0.0734143
0.76 1.92 0.0731315
0.8 1.92 0.0697014
0.84 1.92 0.0627387
0.88 1.92 0.0520459
0.92 1.92 0.0376907
0.96 1.92 0.0200771
