0 0 0.000457515
0.025 0 0.00101321
0.05 0 0.0017247
0.075 0 0.00262723
0.1 0 0.00374296
0.125 0 0.00508588
0.15 0 0.00666433
0.175 0 0.00848238
0.2 0 0.0105405
0.225 0 0.0128356
0.25 0 0.0153614
0.275 0 0.0181077
0.3 0 0.0210608
0.325 0 0.0242024
0.35 0 0.0275097
0.375 0 0.0309547
0.4 0 0.0345041
0.425 0 0.0381188
0.45 0 0.0417536
0.475 0 0.0453569
0.5 0 0.0488712
0.525 0 0.0522327
0.55 0 0.0553717
0.575 0 0.0582137
0.6 0 0.0606797
0.625 0 0.0626878
0.65 0 0.0641545
0.675 0 0.0649968
0.7 0 0.0651345
0.725 0 0.0644927
0.75 0 0.063005
0.775 0 0.0606165
0.8 0 0.0572877
0.825 0 0.052998
0.85 0 0.0477495
0.875 0 0.0415706
0.9 0 0.0345197
0.925 0 0.0266884
0.95 0 0.0182048
0.975 0 0.00923732
0 0.05 0.000522316
0.025 0.05 0.00140323
0.05 0.05 0.00268524
0.075 0.05 0.00440159
0.1 0.05 0.00657711
0.125 0.05 0.00922943
0.15 0.05 0.0123699
0.175 0.05 0.016004
0.2 0.05 0.0201317
0.225 0.05 0.024747
0.25 0.05 0.0298378
0.275 0.05 0.0353853
0.3 0.05 0.0413629
0.325 0.05 0.0477358
0.35 0.05 0.0544599
0.375 0.05 0.0614808
0.4 0.05 0.0687334
0.425 0.05 0.0761402
0.45 0.05 0.0836115
0.475 0.05 0.0910445
0.5 0.05 0.0983233
0.525 0.05 0.105319
0.55 0.05 0.11189
0.575 0.05 0.117883
0.6 0.05 0.123137
0.625 0.05 0.12748
0.65 0.05 0.130739
0.675 0.05 0.132738
0.7 0.05 0.133307
0.725 0.05 0.132285
0.75 0.05 0.129524
0.775 0.05 0.124903
0.8 0.05 0.118327
0.825 0.05 0.109741
0.85 0.05 0.0991342
0.875 0.05 0.0865497
0.9 0.05 0.072091
0.925 0.05 0.0559287
0.95 0.05 0.038304
0.975 0.05 0.0195321
0 0.1 0.000385856
0.025 0.1 0.00142021
0.05 0.1 0.00313466
0.075 0.1 0.00555638
0.1 0.1 0.00870745
0.125 0.1 0.0126045
0.15 0.1 0.0172586
0.175 0.1 0.0226744
0.2 0.1 0.0288501
0.225 0.1 0.0357763
0.25 0.1 0.0434354
0.275 0.1 0.0517998
0.3 0.1 0.0608313
0.325 0.1 0.0704794
0.35 0.1 0.0806795
0.375 0.1 0.0913519
0.4 0.1 0.1024
0.425 0.1 0.113709
0.45 0.1 0.125145
0.475 0.1 0.136554
0.5 0.1 0.147761
0.525 0.1 0.15857
0.55 0.1 0.168767
0.575 0.1 0.178117
0.6 0.1 0.186372
0.625 0.1 0.193268
0.65 0.1 0.198536
0.675 0.1 0.201902
0.7 0.1 0.203098
0.725 0.1 0.201867
0.75 0.1 0.197977
0.775 0.1 0.191226
0.8 0.1 0.181458
0.825 0.1 0.168572
0.85 0.1 0.152538
0.875 0.1 0.133406
0.9 0.1 0.111319
0.925 0.1 0.0865227
0.95 0.1 0.0593726
0.975 0.1 0.0303377
0 0.15 0.00011604
0.025 0.15 0.00117595
0.05 0.15 0.00320556
0.075 0.15 0.0062278
0.1 0.15 0.010262
0.125 0.15 0.0153229
0.15 0.15 0.0214201
0.175 0.15 0.0285569
0.2 0.15 0.0367291
0.225 0.15 0.0459235
0.25 0.15 0.0561169
0.275 0.15 0.0672736
0.3 0.15 0.0793441
0.325 0.15 0.0922624
0.35 0.15 0.105945
0.375 0.15 0.120286
0.4 0.15 0.13516
0.425 0.15 0.150414
0.45 0.15 0.16587
0.475 0.15 0.181324
0.5 0.15 0.19654
0.525 0.15 0.211258
0.55 0.15 0.225187
0.575 0.15 0.238011
0.6 0.15 0.249392
0.625 0.15 0.258972
0.65 0.15 0.266382
0.675 0.15 0.271248
0.7 0.15 0.273198
0.725 0.15 0.271879
0.75 0.15 0.266963
0.775 0.15 0.258169
0.8 0.15 0.24527
0.825 0.15 0.228118
0.85 0.15 0.206658
0.875 0.15 0.180944
0.9 0.15 0.151156
0.925 0.15 0.117616
0.95 0.15 0.0807963
0.975 0.15 0.0413278
0 0.2 -0.000255219
0.025 0.2 0.000726895
0.05 0.2 0.00296929
0.075 0.2 0.00649255
0.1 0.2 0.0113142
0.125 0.2 0.0174475
0.15 0.2 0.0249009
0.175 0.2 0.033676
0.2 0.2 0.0437662
0.225 0.2 0.055155
0.25 0.2 0.0678134
0.275 0.2 0.081698
0.3 0.2 0.0967484
0.325 0.2 0.112884
0.35 0.2 0.130002
0.375 0.2 0.147974
0.4 0.2 0.166642
0.425 0.2 0.185819
0.45 0.2 0.205283
0.475 0.2 0.224779
0.5 0.2 0.244014
0.525 0.2 0.262659
0.55 0.2 0.280349
0.575 0.2 0.296688
0.6 0.2 0.311246
0.625 0.2 0.323571
0.65 0.2 0.333194
0.675 0.2 0.339636
0.7 0.2 0.342425
0.725 0.2 0.341104
0.75 0.2 0.335254
0.775 0.2 0.324506
0.8 0.2 0.308566
0.825 0.2 0.287234
0.85 0.2 0.260427
0.875 0.2 0.228204
0.9 0.2 0.190781
0.925 0.2 0.148555
0.95 0.2 0.102119
0.975 0.2 0.0522669
0 0.25 -0.000710199
0.025 0.25 0.000104662
0.05 0.25 0.00246622
0.075 0.25 0.00639391
0.1 0.25 0.0119043
0.125 0.25 0.0190101
0.15 0.25 0.0277185
0.175 0.25 0.03803
0.2 0.25 0.049936
0.225 0.25 0.0634165
0.25 0.25 0.0784376
0.275 0.25 0.0949486
0.3 0.25 0.112879
0.325 0.25 0.132133
0.35 0.25 0.152591
0.375 0.25 0.174101
0.4 0.25 0.196476
0.425 0.25 0.219494
0.45 0.25 0.242892
0.475 0.25 0.266363
0.5 0.25 0.289558
0.525 0.25 0.312083
0.55 0.25 0.333499
0.575 0.25 0.353329
0.6 0.25 0.371055
0.625 0.25 0.386131
0.65 0.25 0.397986
0.675 0.25 0.406043
0.7 0.25 0.409724
0.725 0.25 0.408474
0.75 0.25 0.401778
0.775 0.25 0.389184
0.8 0.25 0.370326
0.825 0.25 0.344954
0.85 0.25 0.312958
0.875 0.25 0.274397
0.9 0.25 0.229527
0.925 0.25 0.178818
0.95 0.25 0.122979
0.975 0.25 0.0629698
0 0.3 -0.00123755
0.025 0.3 -0.000670796
0.05 0.3 0.00172136
0.075 0.3 0.00595791
0.1 0.3 0.0120551
0.125 0.3 0.0200252
0.15 0.3 0.0298751
0.175 0.3 0.0416043
0.2 0.3 0.0552024
0.225 0.3 0.0706467
0.25 0.3 0.0878987
0.275 0.3 0.106901
0.3 0.3 0.127572
0.325 0.3 0.149806
0.35 0.3 0.173464
0.375 0.3 0.198371
0.4 0.3 0.224315
0.425 0.3 0.251039
0.45 0.3 0.278239
0.475 0.3 0.305561
0.5 0.3 0.3326
0.525 0.3 0.3589
0.55 0.3 0.383951
0.575 0.3 0.407195
0.6 0.3 0.428029
0.625 0.3 0.445815
0.65 0.3 0.459886
0.675 0.3 0.469564
0.7 0.3 0.474172
0.725 0.3 0.473056
0.75 0.3 0.465608
0.775 0.3 0.451293
0.8 0.3 0.429677
0.825 0.3 0.400459
0.85 0.3 0.363501
0.875 0.3 0.318866
0.9 0.3 0.266841
0.925 0.3 0.207971
0.95 0.3 0.14308
0.975 0.3 0.0732849
0 0.35 -0.00182865
0.025 0.35 -0.0015845
0.05 0.35 0.000753234
0.075 0.35 0.00520341
0.1 0.35 0.0117822
0.125 0.35 0.0205018
0.15 0.35 0.031369
0.175 0.35 0.0443827
0.2 0.35 0.059531
0.225 0.35 0.076789
0.25 0.35 0.0961139
0.275 0.35 0.117442
0.3 0.35 0.140684
0.325 0.35 0.165721
0.35 0.35 0.192398
0.375 0.35 0.220521
0.4 0.35 0.249849
0.425 0.35 0.280096
0.45 0.35 0.310918
0.475 0.35 0.341917
0.5 0.35 0.372636
0.525 0.35 0.402556
0.55 0.35 0.4311
0.575 0.35 0.457635
0.6 0.35 0.481476
0.625 0.35 0.501895
0.65 0.35 0.518134
0.675 0.35 0.529417
0.7 0.35 0.534971
0.725 0.35 0.534048
0.75 0.35 0.52595
0.775 0.35 0.510061
0.8 0.35 0.48588
0.825 0.35 0.453057
0.85 0.35 0.411429
0.875 0.35 0.361055
0.9 0.35 0.30226
0.925 0.35 0.235655
0.95 0.35 0.162174
0.975 0.35 0.0830858
0 0.4 -0.00247558
0.025 0.4 -0.00262268
0.05 0.4 -0.000420878
0.075 0.4 0.00414851
0.1 0.4 0.0111016
0.125 0.4 0.0204508
0.15 0.4 0.0322027
0.175 0.4 0.0463557
0.2 0.4 0.0628973
0.225 0.4 0.0818002
0.25 0.4 0.103018
0.275 0.4 0.126483
0.3 0.4 0.152096
0.325 0.4 0.179729
0.35 0.4 0.20921
0.375 0.4 0.240328
0.4 0.4 0.272819
0.425 0.4 0.306365
0.45 0.4 0.340588
0.475 0.4 0.375047
0.5 0.4 0.409235
0.525 0.4 0.442578
0.55 0.4 0.474434
0.575 0.4 0.504098
0.6 0.4 0.530808
0.625 0.4 0.553753
0.65 0.4 0.572085
0.675 0.4 0.584939
0.7 0.4 0.591447
0.725 0.4 0.590773
0.75 0.4 0.582133
0.775 0.4 0.564834
0.8 0.4 0.538312
0.825 0.4 0.502167
0.85 0.4 0.45621
0.875 0.4 0.400502
0.9 0.4 0.335395
0.925 0.4 0.261568
0.95 0.4 0.180054
0.975 0.4 0.0922667
0 0.45 -0.00317004
0.025 0.45 -0.00377058
0.05 0.45 -0.00178186
0.075 0.45 0.00281437
0.1 0.45 0.0100341
0.125 0.45 0.0198897
0.15 0.45 0.0323876
0.175 0.45 0.0475263
0.2 0.45 0.0652923
0.225 0.45 0.0856568
0.25 0.45 0.108571
0.275 0.45 0.133961
0.3 0.45 0.161723
0.325 0.45 0.191717
0.35 0.45 0.223761
0.375 0.45 0.257623
0.4 0.45 0.293021
0.425 0.45 0.329608
0.45 0.45 0.366974
0.475 0.45 0.40464
0.5 0.45 0.442052
0.525 0.45 0.478583
0.55 0.45 0.513534
0.575 0.45 0.546132
0.6 0.45 0.575544
0.625 0.45 0.600879
0.65 0.45 0.621209
0.675 0.45 0.63558
0.7 0.45 0.643042
0.725 0.45 0.64267
0.75 0.45 0.633602
0.775 0.45 0.615073
0.8 0.45 0.586455
0.825 0.45 0.547305
0.85 0.45 0.497408
0.875 0.45 0.436821
0.9 0.45 0.365926
0.925 0.45 0.285458
0.95 0.45 0.196548
0.975 0.45 0.10074
0 0.5 -0.00390276
0.025 0.5 -0.00501131
0.05 0.5 -0.0033071
0.075 0.5 0.00122731
0.1 0.5 0.00860746
0.125 0.5 0.0188455
0.15 0.5 0.0319479
0.175 0.5 0.0479128
0.2 0.5 0.0667262
0.225 0.5 0.0883582
0.25 0.5 0.112757
0.275 0.5 0.139847
0.3 0.5 0.169516
0.325 0.5 0.201617
0.35 0.5 0.235957
0.375 0.5 0.272289
0.4 0.5 0.310311
0.425 0.5 0.349652
0.45 0.5 0.389874
0.475 0.5 0.430462
0.5 0.5 0.470821
0.525 0.5 0.510277
0.55 0.5 0.548076
0.575 0.5 0.583385
0.6 0.5 0.615304
0.625 0.5 0.642872
0.65 0.5 0.665083
0.675 0.5 0.680905
0.7 0.5 0.689308
0.725 0.5 0.689289
0.75 0.5 0.679911
0.775 0.5 0.66034
0.8 0.5 0.629892
0.825 0.5 0.58808
0.85 0.5 0.534664
0.875 0.5 0.469699
0.9 0.5 0.393587
0.925 0.5 0.30712
0.95 0.5 0.211514
0.975 0.5 0.108432
0 0.55 -0.00466325
0.025 0.55 -0.00632546
0.05 0.55 -0.00496989
0.075 0.55 -0.00058044
0.1 0.55 0.00685757
0.125 0.55 0.0173558
0.15 0.55 0.0309205
0.175 0.55 0.0475496
0.2 0.55 0.0672288
0.225 0.55 0.0899271
0.25 0.55 0.115592
0.275 0.55 0.144142
0.3 0.55 0.175464
0.325 0.55 0.209403
0.35 0.55 0.245754
0.375 0.55 0.284261
0.4 0.55 0.324603
0.425 0.55 0.366389
0.45 0.55 0.409156
0.475 0.55 0.452356
0.5 0.55 0.49536
0.525 0.55 0.537451
0.55 0.55 0.577826
0.575 0.55 0.615598
0.6 0.55 0.649808
0.625 0.55 0.679429
0.65 0.55 0.703388
0.675 0.55 0.72058
0.7 0.55 0.729903
0.725 0.55 0.730283
0.75 0.55 0.720712
0.775 0.55 0.700295
0.8 0.55 0.668295
0.825 0.55 0.624184
0.85 0.55 0.567696
0.875 0.55 0.498885
0.9 0.55 0.418171
0.925 0.55 0.326391
0.95 0.55 0.224839
0.975 0.55 0.115287
0 0.6 -0.00543988
0.025 0.6 -0.00769111
0.05 0.6 -0.00673951
0.075 0.6 -0.0025709
0.1 0.6 0.00482805
0.125 0.6 0.0154681
0.15 0.6 0.0293552
0.175 0.6 0.0464869
0.2 0.6 0.0668486
0.225 0.6 0.0904089
0.25 0.6 0.117114
0.275 0.6 0.146881
0.3 0.6 0.179591
0.325 0.6 0.215086
0.35 0.6 0.253153
0.375 0.6 0.293525
0.4 0.6 0.335866
0.425 0.6 0.379771
0.45 0.6 0.424751
0.475 0.6 0.470236
0.5 0.6 0.515562
0.525 0.6 0.559977
0.55 0.6 0.602634
0.575 0.6 0.642602
0.6 0.6 0.678867
0.625 0.6 0.710345
0.65 0.6 0.735902
0.675 0.6 0.754371
0.7 0.6 0.764582
0.725 0.6 0.765399
0.75 0.6 0.755751
0.775 0.6 0.734687
0.8 0.6 0.70142
0.825 0.6 0.655385
0.85 0.6 0.596293
0.875 0.6 0.524191
0.9 0.6 0.439516
0.925 0.6 0.343145
0.95 0.6 0.236437
0.975 0.6 0.121258
0 0.65 -0.00622001
0.025 0.65 -0.00908423
0.05 0.65 -0.0085818
0.075 0.65 -0.00470111
0.1 0.65 0.00256928
0.125 0.65 0.0132389
0.15 0.65 0.027313
0.175 0.65 0.0447887
0.2 0.65 0.0656514
0.225 0.65 0.0898691
0.25 0.65 0.117387
0.275 0.65 0.148122
0.3 0.65 0.181953
0.325 0.65 0.218715
0.35 0.65 0.258193
0.375 0.65 0.30011
0.4 0.65 0.344121
0.425 0.65 0.389804
0.45 0.65 0.436654
0.475 0.65 0.484079
0.5 0.65 0.531389
0.525 0.65 0.5778
0.55 0.65 0.622431
0.575 0.65 0.66431
0.6 0.65 0.702377
0.625 0.65 0.7355
0.65 0.65 0.762492
0.675 0.65 0.78213
0.7 0.65 0.793189
0.725 0.65 0.794473
0.75 0.65 0.784859
0.775 0.65 0.763344
0.8 0.65 0.729099
0.825 0.65 0.681522
0.85 0.65 0.620304
0.875 0.65 0.545484
0.9 0.65 0.45751
0.925 0.65 0.357292
0.95 0.65 0.246244
0.975 0.65 0.126314
0 0.7 -0.00699036
0.025 0.7 -0.0104793
0.05 0.7 -0.0104601
0.075 0.7 -0.0069244
0.1 0.7 0.000136884
0.125 0.7 0.0107316
0.15 0.7 0.0248639
0.175 0.7 0.0425305
0.2 0.7 0.0637165
0.225 0.7 0.0883901
0.25 0.7 0.116496
0.275 0.7 0.147951
0.3 0.7 0.182632
0.325 0.7 0.220372
0.35 0.7 0.260952
0.375 0.7 0.304089
0.4 0.7 0.349431
0.425 0.7 0.396544
0.45 0.7 0.444912
0.475 0.7 0.493922
0.5 0.7 0.542865
0.525 0.7 0.590934
0.55 0.7 0.637217
0.575 0.7 0.680708
0.6 0.7 0.720312
0.625 0.7 0.754855
0.65 0.7 0.783106
0.675 0.7 0.803794
0.7 0.7 0.815647
0.725 0.7 0.817421
0.75 0.7 0.807945
0.775 0.7 0.786173
0.8 0.7 0.751235
0.825 0.7 0.7025
0.85 0.7 0.639638
0.875 0.7 0.56268
0.9 0.7 0.47208
0.925 0.7 0.368774
0.95 0.7 0.25422
0.975 0.7 0.130433
0 0.75 -0.00773733
0.025 0.75 -0.0118501
0.05 0.75 -0.0123364
0.075 0.75 -0.00919168
0.1 0.75 -0.00241002
0.125 0.75 0.00801442
0.15 0.75 0.0220844
0.175 0.75 0.0397961
0.2 0.75 0.0611344
0.225 0.75 0.0860675
0.25 0.75 0.114541
0.275 0.75 0.14647
0.3 0.75 0.181733
0.325 0.75 0.220163
0.35 0.75 0.261536
0.375 0.75 0.305567
0.4 0.75 0.351899
0.425 0.75 0.400091
0.45 0.75 0.449617
0.475 0.75 0.499852
0.5 0.75 0.550073
0.525 0.75 0.599451
0.55 0.75 0.647054
0.575 0.75 0.69185
0.6 0.75 0.732714
0.625 0.75 0.768441
0.65 0.75 0.797763
0.675 0.75 0.819373
0.7 0.75 0.831957
0.725 0.75 0.834233
0.75 0.75 0.82499
0.775 0.75 0.803146
0.8 0.75 0.767796
0.825 0.75 0.718284
0.85 0.75 0.654259
0.875 0.75 0.575742
0.9 0.75 0.483193
0.925 0.75 0.377562
0.95 0.75 0.260344
0.975 0.75 0.133604
0 0.8 -0.00844733
0.025 0.8 -0.0131701
0.05 0.8 -0.014172
0.075 0.8 -0.011453
0.1 0.8 -0.00501068
0.125 0.8 0.00515831
0.15 0.8 0.0190551
0.175 0.8 0.0366749
0.2 0.8 0.0580025
0.225 0.8 0.0830065
0.25 0.8 0.111633
0.275 0.8 0.143798
0.3 0.8 0.179381
0.325 0.8 0.218214
0.35 0.8 0.260075
0.375 0.8 0.304677
0.4 0.8 0.35166
0.425 0.8 0.40058
0.45 0.8 0.450904
0.475 0.8 0.502002
0.5 0.8 0.553139
0.525 0.8 0.603473
0.55 0.8 0.652059
0.575 0.8 0.697845
0.6 0.8 0.739686
0.625 0.8 0.776352
0.65 0.8 0.806548
0.675 0.8 0.82894
0.7 0.8 0.842183
0.725 0.8 0.844963
0.75 0.8 0.836039
0.775 0.8 0.814298
0.8 0.8 0.778809
0.825 0.8 0.728891
0.85 0.8 0.664176
0.875 0.8 0.584676
0.9 0.8 0.490849
0.925 0.8 0.383657
0.95 0.8 0.264615
0.975 0.8 0.135826
0 0.85 -0.00910723
0.025 0.85 -0.0144137
0.05 0.85 -0.0159292
0.075 0.85 -0.013659
0.1 0.85 -0.00760444
0.125 0.85 0.00223476
0.15 0.85 0.0158578
0.175 0.85 0.033259
0.2 0.85 0.0544228
0.225 0.85 0.0793183
0.25 0.85 0.107893
0.275 0.85 0.140063
0.3 0.85 0.175711
0.325 0.85 0.21467
0.35 0.85 0.25672
0.375 0.85 0.301574
0.4 0.85 0.348873
0.425 0.85 0.398173
0.45 0.85 0.448939
0.475 0.85 0.500538
0.5 0.85 0.55223
0.525 0.85 0.603168
0.55 0.85 0.652397
0.575 0.85 0.698855
0.6 0.85 0.741383
0.625 0.85 0.778736
0.65 0.85 0.809602
0.675 0.85 0.832628
0.7 0.85 0.846447
0.725 0.85 0.849723
0.75 0.85 0.841193
0.775 0.85 0.819719
0.8 0.85 0.784351
0.825 0.85 0.734388
0.85 0.85 0.669446
0.875 0.85 0.589527
0.9 0.85 0.495084
0.925 0.85 0.387081
0.95 0.85 0.267047
0.975 0.85 0.137106
0 0.9 -0.00970459
0.025 0.9 -0.0155563
0.05 0.9 -0.0175718
0.075 0.9 -0.0157619
0.1 0.9 -0.0101324
0.125 0.9 -0.000686178
0.15 0.9 0.0125738
0.175 0.9 0.0296405
0.2 0.9 0.0504981
0.225 0.9 0.0751164
0.25 0.9 0.103444
0.275 0.9 0.1354
0.3 0.9 0.170868
0.325 0.9 0.209685
0.35 0.9 0.251633
0.375 0.9 0.296429
0.4 0.9 0.343717
0.425 0.9 0.393056
0.45 0.9 0.443914
0.475 0.9 0.495657
0.5 0.9 0.547547
0.525 0.9 0.598738
0.55 0.9 0.64827
0.575 0.9 0.69508
0.6 0.9 0.738004
0.625 0.9 0.775789
0.65 0.9 0.807116
0.675 0.9 0.830621
0.7 0.9 0.844925
0.725 0.9 0.848678
0.75 0.9 0.840604
0.775 0.9 0.819549
0.8 0.9 0.784548
0.825 0.9 0.734885
0.85 0.9 0.670163
0.875 0.9 0.590373
0.9 0.9 0.495959
0.925 0.9 0.387882
0.95 0.9 0.267672
0.975 0.9 0.137459
0 0.95 -0.010228
0.025 0.95 -0.0165754
0.05 0.95 -0.0190663
0.075 0.95 -0.0177173
0.1 0.95 -0.0125389
0.125 0.95 -0.00353764
0.15 0.95 0.00928102
0.175 0.95 0.0259088
0.2 0.95 0.0463297
0.225 0.95 0.0705139
0.25 0.95 0.0984115
0.275 0.95 0.129945
0.3 0.95 0.165
0.325 0.95 0.203418
0.35 0.95 0.244986
0.375 0.95 0.289426
0.4 0.95 0.336386
0.425 0.95 0.385433
0.45 0.95 0.436039
0.475 0.95 0.487578
0.5 0.95 0.539317
0.525 0.95 0.590413
0.55 0.95 0.639914
0.575 0.95 0.686759
0.6 0.95 0.729787
0.625 0.95 0.767748
0.65 0.95 0.799323
0.675 0.95 0.823144
0.7 0.95 0.837834
0.725 0.95 0.842036
0.75 0.95 0.834468
0.775 0.95 0.81397
0.8 0.95 0.779566
0.825 0.95 0.730532
0.85 0.95 0.666458
0.875 0.95 0.587324
0.9 0.95 0.493564
0.925 0.95 0.386127
0.95 0.95 0.266534
0.975 0.95 0.136908
0 1 -0.0106673
0.025 1 -0.0174508
0.05 1 -0.0203821
0.075 1 -0.0194842
0.1 1 -0.0147725
0.125 1 -0.00625741
0.15 1 0.00605314
0.175 1 0.0221493
0.2 1 0.0420148
0.225 1 0.0656205
0.25 1 0.0929184
0.275 1 0.123834
0.3 1 0.158256
0.325 1 0.196032
0.35 1 0.236954
0.375 1 0.280752
0.4 1 0.327082
0.425 1 0.375518
0.45 1 0.425543
0.475 1 0.476539
0.5 1 0.527785
0.525 1 0.578449
0.55 1 0.62759
0.575 1 0.674158
0.6 1 0.717002
0.625 1 0.754883
0.65 1 0.786489
0.675 1 0.810463
0.7 1 0.825432
0.725 1 0.830045
0.75 1 0.823022
0.775 1 0.803203
0.8 1 0.76961
0.825 1 0.721512
0.85 1 0.658493
0.875 1 0.580519
0.9 1 0.488011
0.925 1 0.381902
0.95 1 0.26369
0.975 1 0.13548
0 1.05 -0.0110137
0.025 1.05 -0.0181649
0.05 1.05 -0.0214928
0.075 1.05 -0.0210267
0.1 1.05 -0.0167874
0.125 1.05 -0.00878909
0.15 1.05 0.00295754
0.175 1.05 0.0184411
0.2 1.05 0.0376449
0.225 1.05 0.0605407
0.25 1.05 0.0870824
0.275 1.05 0.117198
0.3 1.05 0.150783
0.325 1.05 0.187689
0.35 1.05 0.227716
0.375 1.05 0.270601
0.4 1.05 0.316012
0.425 1.05 0.363532
0.45 1.05 0.412659
0.475 1.05 0.462788
0.5 1.05 0.513213
0.525 1.05 0.563119
0.55 1.05 0.61158
0.575 1.05 0.657566
0.6 1.05 0.699943
0.625 1.05 0.737489
0.65 1.05 0.768912
0.675 1.05 0.792871
0.7 1.05 0.808008
0.725 1.05 0.812986
0.75 1.05 0.806534
0.775 1.05 0.787502
0.8 1.05 0.754914
0.825 1.05 0.70804
0.85 1.05 0.646457
0.875 1.05 0.57012
0.9 1.05 0.479434
0.925 1.05 0.375307
0.95 1.05 0.25921
0.975 1.05 0.133212
0 1.1 -0.0112601
0.025 1.1 -0.018703
0.05 1.1 -0.0223757
0.075 1.1 -0.022314
0.1 1.1 -0.0185437
0.125 1.1 -0.011083
0.15 1.1 5.44734e-05
0.175 1.1 0.0148559
0.2 1.1 0.0333041
0.225 1.1 0.0553718
0.25 1.1 0.081015
0.275 1.1 0.110166
0.3 1.1 0.142723
0.325 1.1 0.178547
0.35 1.1 0.217444
0.375 1.1 0.259163
0.4 1.1 0.303382
0.425 1.1 0.349701
0.45 1.1 0.397629
0.475 1.1 0.446582
0.5 1.1 0.495872
0.525 1.1 0.544705
0.55 1.1 0.59218
0.575 1.1 0.637288
0.6 1.1 0.678922
0.625 1.1 0.715887
0.65 1.1 0.746915
0.675 1.1 0.77069
0.7 1.1 0.785879
0.725 1.1 0.791167
0.75 1.1 0.785302
0.775 1.1 0.767149
0.8 1.1 0.735743
0.825 1.1 0.690356
0.85 1.1 0.630564
0.875 1.1 0.556312
0.9 1.1 0.467983
0.925 1.1 0.366458
0.95 1.1 0.253171
0.975 1.1 0.130142
0 1.15 -0.0114009
0.025 1.15 -0.0190538
0.05 1.15 -0.0230131
0.075 1.15 -0.0233209
0.1 1.15 -0.0200082
0.125 1.15 -0.0130971
0.15 1.15 -0.00260382
0.175 1.15 0.011457
0.2 1.15 0.0290679
0.225 1.15 0.0502025
0.25 1.15 0.0748191
0.275 1.15 0.102853
0.3 1.15 0.134211
0.325 1.15 0.168757
0.35 1.15 0.206309
0.375 1.15 0.246626
0.4 1.15 0.289401
0.425 1.15 0.334247
0.45 1.15 0.380695
0.475 1.15 0.42818
0.5 1.15 0.476038
0.525 1.15 0.523501
0.55 1.15 0.569696
0.575 1.15 0.613644
0.6 1.15 0.65427
0.625 1.15 0.690412
0.65 1.15 0.720836
0.675 1.15 0.74426
0.7 1.15 0.759383
0.725 1.15 0.76492
0.75 1.15 0.759647
0.775 1.15 0.74245
0.8 1.15 0.712381
0.825 1.15 0.668722
0.85 1.15 0.611049
0.875 1.15 0.539296
0.9 1.15 0.453826
0.925 1.15 0.355486
0.95 1.15 0.245662
0.975 1.15 0.126314
0 1.2 -0.0114325
0.025 1.2 -0.0192091
0.05 1.2 -0.0233917
0.075 1.2 -0.0240283
0.1 1.2 -0.0211547
0.125 1.2 -0.0147968
0.15 1.2 -0.00497366
0.175 1.2 0.00829875
0.2 1.2 0.0250025
0.225 1.2 0.0451121
0.25 1.2 0.0685884
0.275 1.2 0.0953711
0.3 1.2 0.125371
0.325 1.2 0.158462
0.35 1.2 0.194471
0.375 1.2 0.233171
0.4 1.2 0.274267
0.425 1.2 0.317392
0.45 1.2 0.362098
0.475 1.2 0.407843
0.5 1.2 0.453991
0.525 1.2 0.499804
0.55 1.2 0.544441
0.575 1.2 0.58696
0.6 1.2 0.626325
0.625 1.2 