0 0 0.000922862
0.0333333 0 0.00207457
0.0666667 0 0.00358744
0.1 0 0.00553972
0.133333 0 0.007977
0.166667 0 0.010923
0.2 0 0.0143845
0.233333 0 0.0183538
0.266667 0 0.0228083
0.3 0 0.0277103
0.333333 0 0.0330052
0.366667 0 0.0386198
0.4 0 0.0444607
0.433333 0 0.0504124
0.466667 0 0.0563364
0.5 0 0.0620709
0.533333 0 0.067431
0.566667 0 0.0722117
0.6 0 0.0761908
0.633333 0 0.079135
0.666667 0 0.080808
0.7 0 0.0809808
0.733333 0 0.0794443
0.766667 0 0.0760243
0.8 0 0.0705985
0.833333 0 0.0631138
0.866667 0 0.053605
0.9 0 0.0422116
0.933333 0 0.0291937
0.966667 0 0.0149441
0 0.0666667 0.000930323
0.0333333 0.0666667 0.00270452
0.0666667 0.0666667 0.00541718
0.1 0.0666667 0.00913915
0.133333 0.0666667 0.0139186
0.166667 0.0666667 0.0197823
0.2 0.0666667 0.0267357
0.233333 0.0666667 0.034762
0.266667 0.0666667 0.0438194
0.3 0.0666667 0.0538379
0.333333 0.0666667 0.064715
0.366667 0.0666667 0.0763115
0.4 0.0666667 0.0884465
0.433333 0.0666667 0.100893
0.466667 0.0666667 0.113377
0.5 0.0666667 0.12557
0.533333 0.0666667 0.137095
0.566667 0.0666667 0.147527
0.6 0.0666667 0.156399
0.633333 0.0666667 0.163214
0.666667 0.0666667 0.167457
0.7 0.0666667 0.168622
0.733333 0.0666667 0.166232
0.766667 0.0666667 0.159874
0.8 0.0666667 0.149232
0.833333 0.0666667 0.134129
0.866667 0.0666667 0.114569
0.9 0.0666667 0.0907697
0.933333 0.0666667 0.0632008
0.966667 0.0666667 0.0326042
0 0.133333 0.000485231
0.0333333 0.133333 0.0024974
0.0666667 0.133333 0.00610515
0.1 0.133333 0.0113644
0.133333 0.133333 0.0183156
0.166667 0.133333 0.0269801
0.2 0.133333 0.0373573
0.233333 0.133333 0.0494192
0.266667 0.133333 0.0631053
0.3 0.133333 0.0783154
0.333333 0.133333 0.0949023
0.366667 0.133333 0.112664
0.4 0.133333 0.131334
0.433333 0.133333 0.150578
0.466667 0.133333 0.169981
0.5 0.133333 0.18905
0.533333 0.133333 0.207207
0.566667 0.133333 0.223798
0.6 0.133333 0.238096
0.633333 0.133333 0.249319
0.666667 0.133333 0.256651
0.7 0.133333 0.259278
0.733333 0.133333 0.256422
0.766667 0.133333 0.247394
0.8 0.133333 0.23165
0.833333 0.133333 0.208855
0.866667 0.133333 0.178951
0.9 0.133333 0.142215
0.933333 0.133333 0.0993257
0.966667 0.133333 0.0513966
0 0.2 -0.00024605
0.0333333 0.2 0.00172478
0.0666667 0.2 0.0059684
0.1 0.2 0.0125315
0.133333 0.2 0.0214478
0.166667 0.2 0.0327337
0.2 0.2 0.0463814
0.233333 0.2 0.0623524
0.266667 0.2 0.0805679
0.3 0.2 0.100899
0.333333 0.2 0.123157
0.366667 0.2 0.147077
0.4 0.2 0.172313
0.433333 0.2 0.19842
0.466667 0.2 0.224849
0.5 0.2 0.250937
0.533333 0.2 0.275907
0.566667 0.2 0.298869
0.6 0.2 0.318831
0.633333 0.2 0.334718
0.666667 0.2 0.345404
0.7 0.2 0.349753
0.733333 0.2 0.346671
0.766667 0.2 0.33518
0.8 0.2 0.314492
0.833333 0.2 0.284102
0.866667 0.2 0.243878
0.9 0.2 0.194157
0.933333 0.2 0.135826
0.966667 0.2 0.0703894
0 0.266667 -0.00118494
0.0333333 0.266667 0.000522124
0.0666667 0.266667 0.00517144
0.1 0.266667 0.0128053
0.133333 0.266667 0.023454
0.166667 0.266667 0.0371302
0.2 0.266667 0.0538212
0.233333 0.266667 0.0734787
0.266667 0.266667 0.096008
0.3 0.266667 0.121254
0.333333 0.266667 0.148986
0.366667 0.266667 0.178883
0.4 0.266667 0.21052
0.433333 0.266667 0.243347
0.466667 0.266667 0.276683
0.5 0.266667 0.3097
0.533333 0.266667 0.341424
0.566667 0.266667 0.370733
0.6 0.266667 0.396373
0.633333 0.266667 0.416979
0.666667 0.266667 0.431114
0.7 0.266667 0.43732
0.733333 0.266667 0.43419
0.766667 0.266667 0.420454
0.8 0.266667 0.395079
0.833333 0.266667 0.357387
0.866667 0.266667 0.307173
0.9 0.266667 0.244828
0.933333 0.266667 0.17145
0.966667 0.266667 0.0889294
0 0.333333 -0.00228615
0.0333333 0.333333 -0.00103299
0.0666667 0.333333 0.00380719
0.1 0.333333 0.0122749
0.133333 0.333333 0.0243991
0.166667 0.333333 0.0401909
0.2 0.333333 0.0596339
0.233333 0.333333 0.0826722
0.266667 0.333333 0.109197
0.3 0.333333 0.139029
0.333333 0.333333 0.171901
0.366667 0.333333 0.20744
0.4 0.333333 0.245144
0.433333 0.333333 0.284367
0.466667 0.333333 0.324301
0.5 0.333333 0.363963
0.533333 0.333333 0.402188
0.566667 0.333333 0.437635
0.6 0.333333 0.468795
0.633333 0.333333 0.494023
0.666667 0.333333 0.511584
0.7 0.333333 0.519708
0.733333 0.333333 0.516685
0.766667 0.333333 0.500961
0.8 0.333333 0.471264
0.833333 0.333333 0.426748
0.866667 0.333333 0.367134
0.9 0.333333 0.292866
0.933333 0.333333 0.205241
0.966667 0.333333 0.106522
0 0.4 -0.00351687
0.0333333 0.4 -0.00288497
0.0666667 0.4 0.00194155
0.1 0.4 0.0110022
0.133333 0.4 0.0243257
0.166667 0.4 0.0419225
0.2 0.4 0.0637739
0.233333 0.4 0.0898184
0.266667 0.4 0.119935
0.3 0.4 0.153925
0.333333 0.4 0.191488
0.366667 0.4 0.232202
0.4 0.4 0.2755
0.433333 0.4 0.320646
0.466667 0.4 0.366713
0.5 0.4 0.412576
0.533333 0.4 0.456894
0.566667 0.4 0.498118
0.6 0.4 0.534505
0.633333 0.4 0.564147
0.666667 0.4 0.585024
0.7 0.4 0.595079
0.733333 0.4 0.59231
0.766667 0.4 0.574896
0.8 0.4 0.541341
0.833333 0.4 0.490634
0.866667 0.4 0.422427
0.9 0.4 0.337205
0.933333 0.4 0.236454
0.966667 0.4 0.122783
0 0.466667 -0.00484689
0.0333333 0.466667 -0.00498191
0.0666667 0.466667 -0.000361966
0.1 0.466667 0.009051
0.133333 0.466667 0.0232853
0.166667 0.466667 0.0423512
0.2 0.466667 0.0662288
0.233333 0.466667 0.0948524
0.266667 0.466667 0.128092
0.3 0.466667 0.165732
0.333333 0.466667 0.207444
0.366667 0.466667 0.252766
0.4 0.466667 0.301071
0.433333 0.466667 0.351543
0.466667 0.466667 0.403155
0.5 0.466667 0.454648
0.533333 0.466667 0.504525
0.566667 0.466667 0.551049
0.6 0.466667 0.592262
0.633333 0.466667 0.626017
0.666667 0.466667 0.650036
0.7 0.466667 0.661993
0.733333 0.466667 0.659621
0.766667 0.466667 0.640852
0.8 0.466667 0.603977
0.833333 0.466667 0.547836
0.866667 0.466667 0.472008
0.9 0.466667 0.377016
0.933333 0.466667 0.26451
0.966667 0.466667 0.137411
0 0.533333 -0.00624403
0.0333333 0.533333 -0.00726675
0.0666667 0.533333 -0.00302982
0.1 0.533333 0.006502
0.133333 0.533333 0.0213558
0.166667 0.533333 0.0415415
0.2 0.533333 0.0670384
0.233333 0.533333 0.0977783
0.266667 0.533333 0.133625
0.3 0.533333 0.174349
0.333333 0.533333 0.219601
0.366667 0.533333 0.268884
0.4 0.533333 0.321523
0.433333 0.533333 0.376635
0.466667 0.533333 0.433102
0.5 0.533333 0.489554
0.533333 0.533333 0.544357
0.566667 0.533333 0.595609
0.6 0.533333 0.641161
0.633333 0.533333 0.678655
0.666667 0.533333 0.705584
0.7 0.533333 0.71938
0.733333 0.533333 0.717539
0.766667 0.533333 0.69777
0.8 0.533333 0.65817
0.833333 0.533333 0.597439
0.866667 0.533333 0.515089
0.9 0.533333 0.411668
0.933333 0.533333 0.288966
0.966667 0.533333 0.150178
0 0.6 -0.00767245
0.0333333 0.6 -0.00967417
0.0666667 0.6 -0.0059742
0.1 0.6 0.00345793
0.133333 0.6 0.0186468
0.166667 0.6 0.0396012
0.2 0.6 0.0663001
0.233333 0.6 0.098674
0.266667 0.6 0.136582
0.3 0.6 0.179787
0.333333 0.6 0.227923
0.366667 0.6 0.280467
0.4 0.6 0.336705
0.433333 0.6 0.3957
0.466667 0.6 0.456261
0.5 0.6 0.516927
0.533333 0.6 0.575945
0.566667 0.6 0.631277
0.6 0.6 0.680612
0.633333 0.6 0.721411
0.666667 0.6 0.750967
0.7 0.6 0.766506
0.733333 0.6 0.765316
0.766667 0.6 0.744907
0.8 0.6 0.703209
0.833333 0.6 0.638792
0.866667 0.6 0.551101
0.9 0.6 0.440703
0.933333 0.6 0.3095
0.966667 0.6 0.160915
0 0.666667 -0.0090929
0.0333333 0.666667 -0.0121311
0.0666667 0.666667 -0.00909385
0.1 0.666667 4.21723e-05
0.133333 0.666667 0.0152974
0.166667 0.666667 0.0366787
0.2 0.666667 0.0641646
0.233333 0.666667 0.0976853
0.266667 0.666667 0.137098
0.3 0.666667 0.182161
0.333333 0.666667 0.232498
0.366667 0.666667 0.287569
0.4 0.666667 0.346631
0.433333 0.666667 0.408706
0.466667 0.666667 0.47255
0.5 0.666667 0.536628
0.533333 0.666667 0.599095
0.566667 0.666667 0.657803
0.6 0.666667 0.71031
0.633333 0.666667 0.753927
0.666667 0.666667 0.785785
0.7 0.666667 0.802937
0.733333 0.666667 0.802496
0.766667 0.666667 0.781803
0.8 0.666667 0.738643
0.833333 0.666667 0.671472
0.866667 0.666667 0.579674
0.9 0.666667 0.463818
0.933333 0.666667 0.325895
0.966667 0.666667 0.16951
0 0.733333 -0.010464
0.0333333 0.733333 -0.0145592
0.0666667 0.733333 -0.012278
0.1 0.733333 -0.00360661
0.133333 0.733333 0.0114694
0.166667 0.733333 0.032954
0.2 0.733333 0.0608251
0.233333 0.733333 0.0950133
0.266667 0.733333 0.135377
0.3 0.733333 0.181672
0.333333 0.733333 0.233519
0.366667 0.733333 0.290367
0.4 0.733333 0.351457
0.433333 0.733333 0.415786
0.466667 0.733333 0.48207
0.5 0.733333 0.548722
0.533333 0.733333 0.613834
0.566667 0.733333 0.675172
0.6 0.733333 0.730197
0.633333 0.733333 0.776106
0.666667 0.733333 0.809903
0.7 0.733333 0.828503
0.733333 0.733333 0.82888
0.766667 0.733333 0.808242
0.8 0.733333 0.764249
0.833333 0.733333 0.695262
0.866667 0.733333 0.600608
0.9 0.733333 0.480849
0.933333 0.733333 0.338032
0.966667 0.733333 0.175897
0 0.8 -0.0117442
0.0333333 0.8 -0.0168784
0.0666667 0.8 -0.0154116
0.1 0.8 -0.00734158
0.133333 0.8 0.00733834
0.166667 0.8 0.0286281
0.2 0.8 0.0565045
0.233333 0.8 0.0908994
0.266667 0.8 0.131673
0.3 0.8 0.178585
0.333333 0.8 0.231257
0.366667 0.8 0.289135
0.4 0.8 0.351456
0.433333 0.8 0.417201
0.466667 0.8 0.48507
0.5 0.8 0.553444
0.533333 0.8 0.620372
0.566667 0.8 0.68357
0.6 0.8 0.740431
0.633333 0.8 0.788073
0.666667 0.8 0.823411
0.7 0.8 0.843264
0.733333 0.8 0.8445
0.766667 0.8 0.824226
0.8 0.8 0.780008
0.833333 0.8 0.710128
0.866667 0.8 0.61386
0.9 0.8 0.491749
0.933333 0.8 0.345873
0.966667 0.8 0.180055
0 0.866667 -0.012893
0.0333333 0.866667 -0.0190109
0.0666667 0.866667 -0.0183811
0.1 0.866667 -0.0110154
0.133333 0.866667 0.00308371
0.166667 0.866667 0.0239109
0.2 0.866667 0.0514415
0.233333 0.866667 0.0856092
0.266667 0.866667 0.126279
0.3 0.866667 0.173214
0.333333 0.866667 0.226044
0.366667 0.866667 0.284222
0.4 0.866667 0.346987
0.433333 0.866667 0.413322
0.466667 0.866667 0.481923
0.5 0.866667 0.551162
0.533333 0.866667 0.619074
0.566667 0.866667 0.683347
0.6 0.866667 0.741344
0.633333 0.866667 0.79014
0.666667 0.866667 0.826597
0.7 0.866667 0.847475
0.733333 0.866667 0.849578
0.766667 0.866667 0.829944
0.8 0.866667 0.786074
0.833333 0.866667 0.716189
0.866667 0.866667 0.619518
0.9 0.866667 0.49658
0.933333 0.866667 0.349454
0.966667 0.866667 0.182001
0 0.933333 -0.0138738
0.0333333 0.933333 -0.0208843
0.0666667 0.933333 -0.0210795
0.1 0.933333 -0.0144869
0.133333 0.933333 -0.00111979
0.166667 0.933333 0.0190107
0.2 0.933333 0.0458779
0.233333 0.933333 0.0794175
0.266667 0.933333 0.1195
0.3 0.933333 0.165898
0.333333 0.933333 0.218251
0.366667 0.933333 0.276025
0.4 0.933333 0.338472
0.433333 0.933333 0.404592
0.466667 0.933333 0.473091
0.5 0.933333 0.542353
0.533333 0.933333 0.610421
0.566667 0.933333 0.674989
0.6 0.933333 0.733416
0.633333 0.933333 0.782773
0.666667 0.933333 0.819907
0.7 0.933333 0.841558
0.733333 0.933333 0.844503
0.766667 0.933333 0.825747
0.8 0.933333 0.782753
0.833333 0.933333 0.713705
0.866667 0.933333 0.617792
0.9 0.933333 0.495498
0.933333 0.933333 0.34888
0.966667 0.933333 0.181785
0 1 -0.0146541
0.0333333 1 -0.0224343
0.0666667 1 -0.0234109
0.1 1 -0.0176277
0.133333 1 -0.00510983
0.166667 1 0.0141247
0.2 1 0.0400471
0.233333 1 0.0725954
0.266667 1 0.111647
0.3 1 0.156985
0.333333 1 0.208264
0.366667 1 0.264969
0.4 1 0.326376
0.433333 1 0.391508
0.466667 1 0.459101
0.5 1 0.52757
0.533333 1 0.594988
0.566667 1 0.659082
0.6 1 0.717241
0.633333 1 0.766562
0.666667 1 0.80392
0.7 1 0.826069
0.733333 1 0.8298
0.766667 1 0.812118
0.8 1 0.77048
0.833333 1 0.70305
0.866667 1 0.608988
0.9 1 0.488739
0.933333 1 0.344308
0.966667 1 0.179487
0 1.06667 -0.0152076
0.0333333 1.06667 -0.0236079
0.0666667 1.06667 -0.0252936
0.1 1.06667 -0.0203261
0.133333 1.06667 -0.00874245
0.166667 1.06667 0.00943186
0.2 1.06667 0.0341657
0.233333 1.06667 0.0653997
0.266667 1.06667 0.103019
0.3 1.06667 0.146819
0.333333 1.06667 0.196473
0.366667 1.06667 0.251492
0.4 1.06667 0.311179
0.433333 1.06667 0.374596
0.466667 1.06667 0.440522
0.5 1.06667 0.507418
0.533333 1.06667 0.573413
0.566667 1.06667 0.636289
0.6 1.06667 0.693498
0.633333 1.06667 0.742197
0.666667 1.06667 0.779319
0.7 1.06667 0.801677
0.733333 1.06667 0.806108
0.766667 1.06667 0.789655
0.8 1.06667 0.749795
0.833333 1.06667 0.684698
0.866667 1.06667 0.593501
0.9 1.06667 0.476607
0.933333 1.06667 0.335947
0.966667 1.06667 0.175212
0 1.13333 -0.0155144
0.0333333 1.13333 -0.0243637
0.0666667 1.13333 -0.026663
0.1 1.13333 -0.0224907
0.133333 1.13333 -0.0118964
0.166667 1.13333 0.00508731
0.2 1.13333 0.0284267
0.233333 1.13333 0.058065
0.266667 1.13333 0.0938951
0.3 1.13333 0.135728
0.333333 1.13333 0.183259
0.366667 1.13333 0.236024
0.4 1.13333 0.293368
0.433333 1.13333 0.354397
0.466667 1.13333 0.417945
0.5 1.13333 0.482538
0.533333 1.13333 0.546378
0.566667 1.13333 0.607329
0.6 1.13333 0.662932
0.633333 1.13333 0.710436
0.666667 1.13333 0.746869
0.7 1.13333 0.769135
0.733333 1.13333 0.774155
0.766667 1.13333 0.759044
0.8 1.13333 0.721329
0.833333 1.13333 0.659204
0.866667 1.13333 0.571799
0.9 1.13333 0.459466
0.933333 1.13333 0.324046
0.966667 1.13333 0.169087
0 1.2 -0.0155616
0.0333333 1.2 -0.0246737
0.0666667 1.2 -0.0274726
0.1 1.2 -0.0240529
0.133333 1.2 -0.0144759
0.166667 1.2 0.00121855
0.2 1.2 0.0229943
0.233333 1.2 0.0507974
0.266667 1.2 0.0845295
0.3 1.2 0.124018
0.333333 1.2 0.168979
0.366667 1.2 0.218985
0.4 1.2 0.273421
0.433333 1.2 0.331449
0.466667 1.2 0.391967
0.5 1.2 0.453582
0.533333 1.2 0.514588
0.566667 1.2 0.572952
0.6 1.2 0.626329
0.633333 1.2 0.672092
0.666667 1.2 0.707393
0.7 1.2 0.729264
0.733333 1.2 0.734741
0.766667 1.2 0.721045
0.8 1.2 0.685782
0.833333 1.2 0.627191
0.866667 1.2 0.544406
0.9 1.2 0.437729
0.933333 1.2 0.308889
0.966667 1.2 0.161258
0 1.26667 -0.0153436
0.0333333 1.26667 -0.0245235
0.0666667 1.26667 -0.0276948
0.1 1.26667 -0.0249672
0.133333 1.26667 -0.0164122
0.166667 1.26667 -0.00207648
0.2 1.26667 0.0180018
0.233333 1.26667 0.0437715
0.266667 1.26667 0.0751434
0.3 1.26667 0.111961
0.333333 1.26667 0.153966
0.366667 1.26667 0.200767
0.4 1.26667 0.251795
0.433333 1.26667 0.306273
0.466667 1.26667 0.363177
0.5 1.26667 0.421205
0.533333 1.26667 0.478758
0.566667 1.26667 0.533926
0.6 1.26667 0.584503
0.633333 1.26667 0.62801
0.666667 1.26667 0.661756
0.7 1.26667 0.682928
0.733333 1.26667 0.688716
0.766667 1.26667 0.676471
0.8 1.26667 0.643908
0.833333 1.26667 0.589333
0.866667 1.26667 0.511896
0.9 1.26667 0.411846
0.933333 1.26667 0.290789
0.966667 1.26667 0.151885
0 1.33333 -0.0148617
0.0333333 1.33333 -0.0239116
0.0666667 1.33333 -0.0273208
0.1 1.33333 -0.0252113
0.133333 1.33333 -0.0176637
0.166667 1.33333 -0.00473013
0.2 1.33333 0.0135496
0.233333 1.33333 0.0371276
0.266667 1.33333 0.0659238
0.3 1.33333 0.0997981
0.333333 1.33333 0.13852
0.366667 1.33333 0.181732
0.4 1.33333 0.228921
0.433333 1.33333 0.279373
0.466667 1.33333 0.332148
0.5 1.33333 0.386049
0.533333 1.33333 0.439595
0.566667 1.33333 0.49102
0.6 1.33333 0.538274
0.633333 1.33333 0.579052
0.666667 1.33333 0.610845
0.7 1.33333 0.631027
0.733333 1.33333 0.636965
0.766667 1.33333 0.626176
0.8 1.33333 0.596505
0.833333 1.33333 0.546347
0.866667 1.33333 0.474878
0.9 1.33333 0.382301
0.933333 1.33333 0.27008
0.966667 1.33333 0.14114
0 1.4 -0.0141241
0.0333333 1.4 -0.0228495
0.0666667 1.4 -0.0263599
0.1 1.4 -0.0247861
0.133333 1.4 -0.0182156
0.166667 1.4 -0.00670468
0.2 1.4 0.00970599
0.233333 1.4 0.0309719
0.266667 1.4 0.0570221
0.3 1.4 0.0877335
0.333333 1.4 0.122902
0.366667 1.4 0.16221
0.4 1.4 0.205195
0.433333 1.4 0.251218
0.466667 1.4 0.299426
0.5 1.4 0.348733
0.533333 1.4 0.397792
0.566667 1.4 0.444992
0.6 1.4 0.48846
0.633333 1.4 0.526082
0.666667 1.4 0.555558
0.7 1.4 0.574472
0.733333 1.4 0.580396
0.766667 1.4 0.571037
0.8 1.4 0.544396
0.833333 1.4 0.498975
0.866667 1.4 0.43399
0.9 1.4 0.349598
0.933333 1.4 0.247116
0.966667 1.4 0.129205
0 1.46667 -0.013145
0.0333333 1.46667 -0.0213608
0.0666667 1.46667 -0.0248382
0.1 1.46667 -0.0237135
0.133333 1.46667 -0.0180783
0.166667 1.46667 -0.00799103
0.2 1.46667 0.00650747
0.233333 1.46667 0.0253764
0.266667 1.46667 0.0485542
0.3 1.46667 0.0759341
0.333333 1.46667 0.107338
0.366667 1.46667 0.14249
0.4 1.46667 0.180981
0.433333 1.46667 0.222244
0.466667 1.46667 0.265523
0.5 1.46667 0.309848
0.533333 1.46667 0.354017
0.566667 1.46667 0.396583
0.6 1.46667 0.435863
0.633333 1.46667 0.469958
0.666667 1.46667 0.49679
0.7 1.46667 0.514178
0.733333 1.46667 0.519924
0.766667 1.46667 0.511944
0.8 1.46667 0.488421
0.833333 1.46667 0.447979
0.866667 1.46667 0.389886
0.9 1.46667 0.314259
0.933333 1.46667 0.22226
0.966667 1.46667 0.116269
0 1.53333 -0.0119449
0.0333333 1.53333 -0.0194799
0.0666667 1.53333 -0.0227975
0.1 1.53333 -0.0220353
0.133333 1.53333 -0.0172854
0.166667 1.53333 -0.0086068
0.2 1.53333 0.00396098
0.233333 1.53333 0.0203812
0.266667 1.53333 0.0406012
0.3 1.53333 0.0645304
0.333333 1.53333 0.0920175
0.366667 1.53333 0.122824
0.4 1.53333 0.156599
0.433333 1.53333 0.192849
0.466667 1.53333 0.230916
0.5 1.53333 0.269952
0.533333 1.53333 0.308903
0.566667 1.53333 0.346501
0.6 1.53333 0.381262
0.633333 1.53333 0.411514
0.666667 1.53333 0.43542
0.7 1.53333 0.451051
0.733333 1.53333 0.456459
0.766667 1.53333 0.44979
0.8 1.53333 0.429424
0.833333 1.53333 0.394126
0.866667 1.53333 0.34323
0.9 1.53333 0.276815
0.933333 1.53333 0.195885
0.966667 1.53333 0.102524
0 1.6 -0.010549
0.0333333 1.6 -0.017251
0.0666667 1.6 -0.0202936
0.1 1.6 -0.0198108
0.133333 1.6 -0.0158919
0.166667 1.6 -0.0085939
0.2 1.6 0.00204618
0.233333 1.6 0.0159961
0.266667 1.6 0.0332116
0.3 1.6 0.0536182
0.333333 1.6 0.0770896
0.366667 1.6 0.103426
0.4 1.6 0.132332
0.433333 1.6 0.16339
0.466667 1.6 0.19604
0.5 1.6 0.22956
0.533333 1.6 0.263049
0.566667 1.6 0.29542
0.6 1.6 0.325403
0.633333 1.6 0.351558
0.666667 1.6 0.372305
0.7 1.6 0.385979
0.733333 1.6 0.390898
0.766667 1.6 0.385457
0.8 1.6 0.368245
0.833333 1.6 0.338187
0.866667 1.6 0.294689
0.9 1.6 0.2378
0.933333 1.6 0.168366
0.966667 1.6 0.0881661
0 1.66667 -0.00898742
0.0333333 1.66667 -0.0147268
0.0666667 1.66667 -0.0173945
0.1 1.66667 -0.017115
0.133333 1.66667 -0.0139713
0.166667 1.66667 -0.00801577
0.2 1.66667 0.000718254
0.233333 1.66667 0.0122034
0.266667 1.66667 0.0264039
0.3 1.66667 0.0432599
0.333333 1.66667 0.0626697
0.366667 1.66667 0.0844712
0.4 1.66667 0.108422
0.433333 1.66667 0.134181
0.466667 1.66667 0.161287
0.5 1.66667 0.189144
0.533333 1.66667 0.217006
0.566667 1.66667 0.243974
0.6 1.66667 0.268991
0.633333 1.66667 0.290861
0.666667 1.66667 0.308268
0.7 1.66667 0.319822
0.733333 1.66667 0.324117
0.766667 1.66667 0.319809
0.8 1.66667 0.305714
0.833333 1.66667 0.280921
0.866667 1.66667 0.244924
0.9 1.66667 0.197747
0.933333 1.66667 0.14008
0.966667 1.66667 0.0733907
0 1.73333 -0.00729397
0.0333333 1.73333 -0.0119678
0.0666667 1.73333 -0.0141786
0.1 1.73333 -0.0140362
0.133333 1.73333 -0.011613
0.166667 1.73333 -0.00695451
0.2 1.73333 -8.89911e-05
0.233333 1.73333 0.00896141
0.266667 1.73333 0.020169
0.3 1.73333 0.0334877
0.333333 1.73333 0.048839
0.366667 1.73333 0.0660968
0.4 1.73333 0.0850719
0.433333 1.73333 0.105496
0.466667 1.73333 0.127006
0.5 1.73333 0.149132
0.533333 1.73333 0.171284
0.566667 1.73333 0.192749
0.6 1.73333 0.212689
0.633333 1.73333 0.230152
0.666667 1.73333 0.244093
0.7 1.73333 0.253403
0.733333 1.73333 0.256959
0.766667 1.73333 0.253687
0.8 1.73333 0.242636
0.833333 1.73333 0.223075
0.866667 1.73333 0.194588
0.9 1.73333 0.157183
0.933333 1.73333 0.1114
0.966667 1.73333 0.058393
0 1.8 -0.00550612
0.0333333 1.8 -0.0090406
0.0666667 1.8 -0.0107334
0.1 1.8 -0.0106737
0.133333 1.8 -0.00891974
0.166667 1.8 -0.00550777
0.2 1.8 -0.000459897
0.233333 1.8 0.00620726
0.266667 1.8 0.0144736
0.3 1.8 0.0243061
0.333333 1.8 0.0356477
0.366667 1.8 0.0484067
0.4 1.8 0.0624448
0.433333 1.8 0.077565
0.466667 1.8 0.0935004
0.5 1.8 0.109904
0.533333 1.8 0.12634
0.566667 1.8 0.142282
0.6 1.8 0.157108
0.633333 1.8 0.170113
0.666667 1.8 0.180519
0.7 1.8 0.187504
0.733333 1.8 0.19023
0.766667 1.8 0.187897
0.8 1.8 0.179795
0.833333 1.8 0.165374
0.866667 1.8 0.144318
0.9 1.8 0.116628
0.933333 1.8 0.0826938
0.966667 1.8 0.0433658
0 1.86667 -0.00366448
0.0333333 1.86667 -0.00601758
0.0666667 1.86667 -0.00715359
0.1 1.86667 -0.00713573
0.133333 1.86667 -0.00600477
0.166667 1.86667 -0.0037857
0.2 1.86667 -0.000493615
0.233333 1.86667 0.00386049
0.266667 1.86667 0.00926371
0.3 1.86667 0.0156948
0.333333 1.86667 0.0231171
0.366667 1.86667 0.0314714
0.4 1.86667 0.0406679
0.433333 1.86667 0.0505782
0.466667 1.86667 0.0610284
0.5 1.86667 0.0717917
0.533333 1.86667 0.0825832
0.566667 1.86667 0.0930573
0.6 1.86667 0.102807
0.633333 1.86667 0.11137
0.666667 1.86667 0.118234
0.7 1.86667 0.122859
0.733333 1.86667 0.124693
0.766667 1.86667 0.12321
0.8 1.86667 0.11794
0.833333 1.86667 0.108519
0.866667 1.86667 0.0947353
0.9 1.86667 0.0765859
0.933333 1.86667 0.054323
0.966667 1.86667 0.0284995
0 1.93333 -0.00181301
0.0333333 1.93333 -0.00297634
0.0666667 1.93333 -0.00354032
0.1 1.93333 -0.00353772
0.133333 1.93333 -0.00298934
0.166667 1.93333 -0.00190782
0.2 1.93333 -0.000300747
0.233333 1.93333 0.0018265
0.266667 1.93333 0.00446769
0.3 1.93333 0.00761258
0.333333 1.93333 0.0112435
0.366667 1.93333 0.0153316
0.4 1.93333 0.0198332
0.433333 1.93333 0.0246858
0.466667 1.93333 0.0298046
0.5 1.93333 0.0350786
0.533333 1.93333 0.0403686
0.566667 1.93333 0.0455053
0.6 1.93333 0.0502897
0.633333 1.93333 0.0544945
0.666667 1.93333 0.0578696
0.7 1.93333 0.0601492
0.733333 1.93333 0.061063
0.766667 1.93333 0.0603515
0.8 1.93333 0.057784
0.833333 1.93333 0.0531807
0.866667 1.93333 0.0464373
0.9 1.93333 0.0375504
0.933333 1.93333 0.0266422
0.966667 1.93333 0.0139819
