0 0 0.00844882
0.1 0 0.0215954
0.2 0 0.041243
0.3 0 0.0669796
0.4 0 0.0961826
0.5 0 0.1238
0.6 0 0.142454
0.7 0 0.143514
0.8 0 0.119711
0.9 0 0.0692447
0 0.2 -0.00189349
0.1 0.2 0.0171784
0.2 0.2 0.0580635
0.3 0.2 0.119853
0.4 0.2 0.198091
0.5 0.2 0.282218
0.6 0.2 0.353231
0.7 0.2 0.383664
0.8 0.2 0.343014
0.9 0.2 0.211359
0 0.4 -0.0172106
0.1 0.4 0.00316519
0.2 0.4 0.061755
0.3 0.4 0.157498
0.4 0.4 0.284344
0.5 0.4 0.426285
0.6 0.4 0.552394
0.7 0.4 0.615644
0.8 0.4 0.561383
0.9 0.4 0.351057
0 0.6 -0.0327522
0.1 0.6 -0.0149246
0.2 0.6 0.0539397
0.3 0.6 0.172861
0.4 0.6 0.334939
0.5 0.6 0.520432
0.6 0.6 0.689628
0.7 0.6 0.780583
0.8 0.6 0.719789
0.9 0.6 0.453707
0 0.8 -0.0454101
0.1 0.8 -0.0328091
0.2 0.8 0.0377797
0.3 0.8 0.165558
0.4 0.8 0.343721
0.5 0.8 0.551303
0.6 0.8 0.744573
0.7 0.8 0.853789
0.8 0.8 0.794711
0.9 0.8 0.504325
0 1 -0.0525843
0.1 1 -0.0460086
0.2 1 0.0189354
0.3 1 0.141631
0.4 1 0.316167
0.5 1 0.522795
0.6 1 0.718743
0.7 1 0.83423
0.8 1 0.783434
0.9 1 0.500445
0 1.2 -0.052734
0.1 1.2 -0.0512119
0.2 1.2 0.00296266
0.3 1.2 0.109308
0.4 1.2 0.263269
0.5 1.2 0.448188
0.6 1.2 0.626504
0.7 1.2 0.735501
0.8 1.2 0.696608
0.9 1.2 0.44787
0 1.4 -0.0457804
0.1 1.4 -0.0472932
0.2 1.4 -0.00666701
0.3 1.4 0.0757112
0.4 1.4 0.19676
0.5 1.4 0.343994
0.6 1.4 0.48809
0.7 1.4 0.578951
0.8 1.4 0.55267
0.9 1.4 0.357543
0 1.6 -0.0330323
0.1 1.6 -0.035387
0.2 1.6 -0.0091408
0.3 1.6 0.045416
0.4 1.6 0.126518
0.5 1.6 0.226188
0.6 1.6 0.324947
0.7 1.6 0.388811
0.8 1.6 0.373711
0.9 1.6 0.243142
0 1.8 -0.0168114
0.1 1.8 -0.0183501
0.2 1.8 -0.00592979
0.3 1.8 0.020292
0.4 1.8 0.0595733
0.5 1.8 0.1082
0.6 1.8 0.156815
0.7 1.8 0.188826
0.8 1.8 0.182436
0.9 1.8 0.119241
