0 0 0.000636545
0.0285714 0 0.0014187
0.0571429 0 0.00243144
0.0857143 0 0.00372609
0.114286 0 0.00533411
0.142857 0 0.00727414
0.171429 0 0.00955567
0.2 0 0.0121807
0.228571 0 0.0151447
0.257143 0 0.018436
0.285714 0 0.0220362
0.314286 0 0.0259191
0.342857 0 0.0300499
0.371429 0 0.0343847
0.4 0 0.0388694
0.428571 0 0.0434391
0.457143 0 0.0480177
0.485714 0 0.0525175
0.514286 0 0.0568392
0.542857 0 0.0608727
0.571429 0 0.0644978
0.6 0 0.0675866
0.628571 0 0.0700053
0.657143 0 0.0716182
0.685714 0 0.0722913
0.714286 0 0.0718978
0.742857 0 0.0703239
0.771429 0 0.0674757
0.8 0 0.0632862
0.828571 0 0.0577233
0.857143 0 0.0507975
0.885714 0 0.0425697
0.914286 0 0.033158
0.942857 0 0.0227448
0.971429 0 0.0115822
0 0.0571429 0.000690651
0.0285714 0.0571429 0.00191507
0.0571429 0.0571429 0.00373517
0.0857143 0.0571429 0.00619863
0.114286 0.0571429 0.00933993
0.142857 0.0571429 0.0131818
0.171429 0.0571429 0.0177362
0.2 0.0571429 0.0230045
0.228571 0.0571429 0.0289771
0.257143 0.0571429 0.0356325
0.285714 0.0571429 0.042936
0.314286 0.0571429 0.050838
0.342857 0.0571429 0.0592724
0.371429 0.0571429 0.0681542
0.4 0.0571429 0.0773782
0.428571 0.0571429 0.0868166
0.457143 0.0571429 0.0963181
0.485714 0.0571429 0.105707
0.514286 0.0571429 0.114782
0.542857 0.0571429 0.12332
0.571429 0.0571429 0.131072
0.6 0.0571429 0.137774
0.628571 0.0571429 0.143144
0.657143 0.0571429 0.146895
0.685714 0.0571429 0.148738
0.714286 0.0571429 0.148397
0.742857 0.0571429 0.145619
0.771429 0.0571429 0.140186
0.8 0.0571429 0.131934
0.828571 0.0571429 0.120769
0.857143 0.0571429 0.106681
0.885714 0.0571429 0.0897655
0.914286 0.0571429 0.0702321
0.942857 0.0571429 0.0484209
0.971429 0.0571429 0.0248068
0 0.114286 0.000450366
0.0285714 0.114286 0.00186619
0.0571429 0.114286 0.00429307
0.0857143 0.114286 0.00776944
0.114286 0.114286 0.0123253
0.142857 0.114286 0.0179812
0.171429 0.114286 0.0247474
0.2 0.114286 0.0326218
0.228571 0.114286 0.0415891
0.257143 0.114286 0.0516178
0.285714 0.114286 0.0626581
0.314286 0.114286 0.0746385
0.342857 0.114286 0.0874628
0.371429 0.114286 0.101007
0.4 0.114286 0.115116
0.428571 0.114286 0.1296
0.457143 0.114286 0.144234
0.485714 0.114286 0.158752
0.514286 0.114286 0.17285
0.542857 0.114286 0.186186
0.571429 0.114286 0.198382
0.6 0.114286 0.209026
0.628571 0.114286 0.217683
0.657143 0.114286 0.2239
0.685714 0.114286 0.227225
0.714286 0.114286 0.227214
0.742857 0.114286 0.223459
0.771429 0.114286 0.215603
0.8 0.114286 0.203366
0.828571 0.114286 0.186575
0.857143 0.114286 0.165186
0.885714 0.114286 0.139314
0.914286 0.114286 0.109255
0.942857 0.114286 0.0755053
0.971429 0.114286 0.0387778
0 0.171429 1.85055e-05
0.0285714 0.171429 0.00144085
0.0571429 0.171429 0.0043042
0.0857143 0.171429 0.00864086
0.114286 0.171429 0.0144766
0.142857 0.171429 0.0218291
0.171429 0.171429 0.0307056
0.2 0.171429 0.0411003
0.228571 0.171429 0.0529915
0.257143 0.171429 0.0663382
0.285714 0.171429 0.0810759
0.314286 0.171429 0.097112
0.342857 0.171429 0.114322
0.371429 0.171429 0.132544
0.4 0.171429 0.151573
0.428571 0.171429 0.17116
0.457143 0.171429 0.191004
0.485714 0.171429 0.210751
0.514286 0.171429 0.229994
0.542857 0.171429 0.248272
0.571429 0.171429 0.26507
0.6 0.171429 0.27983
0.628571 0.171429 0.291956
0.657143 0.171429 0.300829
0.685714 0.171429 0.305819
0.714286 0.171429 0.306314
0.742857 0.171429 0.301739
0.771429 0.171429 0.29159
0.8 0.171429 0.275464
0.828571 0.171429 0.253099
0.857143 0.171429 0.224411
0.885714 0.171429 0.189531
0.914286 0.171429 0.14884
0.942857 0.171429 0.102998
0.971429 0.171429 0.0529627
0 0.228571 -0.000556472
0.0285714 0.228571 0.000723892
0.0571429 0.228571 0.0038743
0.0857143 0.228571 0.00892378
0.114286 0.228571 0.0158957
0.142857 0.228571 0.0248055
0.171429 0.228571 0.035658
0.2 0.228571 0.0484439
0.228571 0.228571 0.0631358
0.257143 0.228571 0.0796836
0.285714 0.228571 0.0980087
0.314286 0.228571 0.117999
0.342857 0.228571 0.139502
0.371429 0.228571 0.16232
0.4 0.228571 0.1862
0.428571 0.228571 0.210833
0.457143 0.228571 0.235847
0.485714 0.228571 0.2608
0.514286 0.228571 0.285181
0.542857 0.228571 0.30841
0.571429 0.228571 0.329841
0.6 0.228571 0.348767
0.628571 0.228571 0.36443
0.657143 0.228571 0.376042
0.685714 0.228571 0.3828
0.714286 0.228571 0.383916
0.742857 0.228571 0.37865
0.771429 0.228571 0.366344
0.8 0.228571 0.346473
0.828571 0.228571 0.318684
0.857143 0.228571 0.282849
0.885714 0.228571 0.239114
0.914286 0.228571 0.187946
0.942857 0.228571 0.130165
0.971429 0.228571 0.0669812
0 0.285714 -0.00124731
0.0285714 0.285714 -0.000236837
0.0571429 0.285714 0.00306288
0.0857143 0.285714 0.00867944
0.114286 0.285714 0.0166351
0.142857 0.285714 0.0269441
0.171429 0.285714 0.0396098
0.2 0.285714 0.05462
0.228571 0.285714 0.0719423
0.257143 0.285714 0.0915182
0.285714 0.285714 0.113257
0.314286 0.285714 0.137027
0.342857 0.285714 0.16265
0.371429 0.285714 0.189893
0.4 0.285714 0.21846
0.428571 0.285714 0.247984
0.457143 0.285714 0.278021
0.485714 0.285714 0.308045
0.514286 0.285714 0.337447
0.542857 0.285714 0.365531
0.571429 0.285714 0.391519
0.6 0.285714 0.414559
0.628571 0.285714 0.433738
0.657143 0.285714 0.448099
0.685714 0.285714 0.456669
0.714286 0.285714 0.458488
0.742857 0.285714 0.45265
0.771429 0.285714 0.438352
0.8 0.285714 0.41494
0.828571 0.285714 0.381974
0.857143 0.285714 0.339282
0.885714 0.285714 0.287024
0.914286 0.285714 0.225748
0.942857 0.285714 0.156435
0.971429 0.285714 0.0805392
0 0.342857 -0.00203572
0.0285714 0.342857 -0.00140976
0.0571429 0.342857 0.00190851
0.0857143 0.342857 0.00794611
0.114286 0.342857 0.0167249
0.142857 0.342857 0.0282589
0.171429 0.342857 0.0425503
0.2 0.342857 0.059585
0.228571 0.342857 0.0793264
0.257143 0.342857 0.101709
0.285714 0.342857 0.12663
0.314286 0.342857 0.153941
0.342857 0.342857 0.183441
0.371429 0.342857 0.214863
0.4 0.342857 0.247869
0.428571 0.342857 0.282038
0.457143 0.342857 0.316861
0.485714 0.342857 0.35173
0.514286 0.342857 0.385942
0.542857 0.342857 0.41869
0.571429 0.342857 0.449071
0.6 0.342857 0.476095
0.628571 0.342857 0.498697
0.657143 0.342857 0.515761
0.685714 0.342857 0.526147
0.714286 0.342857 0.528731
0.742857 0.342857 0.522447
0.771429 0.342857 0.506347
0.8 0.342857 0.479658
0.828571 0.342857 0.441851
0.857143 0.342857 0.392713
0.885714 0.342857 0.332414
0.914286 0.342857 0.261581
0.942857 0.342857 0.181347
0.971429 0.342857 0.0934004
0 0.4 -0.00290655
0.0285714 0.4 -0.00276879
0.0571429 0.4 0.000443108
0.0857143 0.4 0.00675577
0.114286 0.4 0.016191
0.142857 0.4 0.0287626
0.171429 0.4 0.0444725
0.2 0.4 0.063305
0.228571 0.4 0.0852203
0.257143 0.4 0.110147
0.285714 0.4 0.137971
0.314286 0.4 0.168531
0.342857 0.4 0.201603
0.371429 0.4 0.236892
0.4 0.4 0.274019
0.428571 0.4 0.312515
0.457143 0.4 0.351808
0.485714 0.4 0.391218
0.514286 0.4 0.42995
0.542857 0.4 0.467095
0.571429 0.4 0.501634
0.6 0.4 0.532446
0.628571 0.4 0.558323
0.657143 0.4 0.577997
0.685714 0.4 0.590173
0.714286 0.4 0.593569
0.742857 0.4 0.586969
0.771429 0.4 0.569288
0.8 0.4 0.539636
0.828571 0.4 0.497402
0.857143 0.4 0.442328
0.885714 0.4 0.374597
0.914286 0.4 0.294904
0.942857 0.4 0.204528
0.971429 0.4 0.105373
0 0.457143 -0.00384471
0.0285714 0.457143 -0.00428749
0.0571429 0.457143 -0.00129985
0.0857143 0.457143 0.0051441
0.114286 0.457143 0.0150658
0.142857 0.457143 0.0284792
0.171429 0.457143 0.0453859
0.2 0.457143 0.0657692
0.228571 0.457143 0.0895868
0.257143 0.457143 0.116762
0.285714 0.457143 0.147174
0.314286 0.457143 0.180646
0.342857 0.457143 0.216937
0.371429 0.457143 0.255725
0.4 0.457143 0.296597
0.428571 0.457143 0.339039
0.457143 0.457143 0.382424
0.485714 0.457143 0.426003
0.514286 0.457143 0.468901
0.542857 0.457143 0.510115
0.571429 0.457143 0.548516
0.6 0.457143 0.582864
0.628571 0.457143 0.61182
0.657143 0.457143 0.633975
0.685714 0.457143 0.647889
0.714286 0.457143 0.652134
0.742857 0.457143 0.645353
0.771429 0.457143 0.626332
0.8 0.457143 0.594074
0.828571 0.457143 0.547885
0.857143 0.457143 0.487469
0.885714 0.457143 0.413014
0.914286 0.457143 0.32528
0.942857 0.457143 0.225674
0.971429 0.457143 0.116301
0 0.514286 -0.00483365
0.0285714 0.514286 -0.00593608
0.0571429 0.514286 -0.00328111
0.0857143 0.514286 0.0031557
0.114286 0.514286 0.0133951
0.142857 0.514286 0.0274506
0.171429 0.514286 0.0453237
0.2 0.514286 0.0669971
0.228571 0.514286 0.0924267
0.257143 0.514286 0.121532
0.285714 0.514286 0.154185
0.314286 0.514286 0.1902
0.342857 0.514286 0.229318
0.371429 0.514286 0.271196
0.4 0.514286 0.31539
0.428571 0.514286 0.361349
0.457143 0.514286 0.408395
0.485714 0.514286 0.45572
0.514286 0.514286 0.502376
0.542857 0.514286 0.547275
0.571429 0.514286 0.589194
0.6 0.514286 0.626781
0.628571 0.514286 0.65858
0.657143 0.514286 0.683055
0.685714 0.514286 0.698632
0.714286 0.514286 0.70375
0.742857 0.514286 0.696924
0.771429 0.514286 0.676821
0.8 0.514286 0.642342
0.828571 0.514286 0.592721
0.857143 0.514286 0.527618
0.885714 0.514286 0.447227
0.914286 0.514286 0.352362
0.942857 0.514286 0.244544
0.971429 0.514286 0.126062
0 0.571429 -0.00585478
0.0285714 0.571429 -0.00768038
0.0571429 0.571429 -0.00545409
0.0857143 0.571429 0.000846058
0.114286 0.571429 0.0112393
0.142857 0.571429 0.0257386
0.171429 0.571429 0.044345
0.2 0.571429 0.0670408
0.228571 0.571429 0.0937806
0.257143 0.571429 0.124481
0.285714 0.571429 0.159011
0.314286 0.571429 0.197174
0.342857 0.571429 0.238699
0.371429 0.571429 0.283225
0.4 0.571429 0.330285
0.428571 0.571429 0.379292
0.457143 0.571429 0.429528
0.485714 0.571429 0.480132
0.514286 0.571429 0.530096
0.542857 0.571429 0.578257
0.571429 0.571429 0.623307
0.6 0.571429 0.663799
0.628571 0.571429 0.698171
0.657143 0.571429 0.724774
0.685714 0.571429 0.741918
0.714286 0.571429 0.747921
0.742857 0.571429 0.741183
0.771429 0.571429 0.720262
0.8 0.571429 0.68397
0.828571 0.571429 0.631468
0.857143 0.571429 0.56238
0.885714 0.571429 0.476899
0.914286 0.571429 0.375884
0.942857 0.571429 0.260956
0.971429 0.571429 0.13456
0 0.628571 -0.00688756
0.0285714 0.628571 -0.00948188
0.0571429 0.628571 -0.00776514
0.0857143 0.628571 -0.00171894
0.114286 0.628571 0.00867366
0.142857 0.628571 0.0234242
0.171429 0.628571 0.0425333
0.2 0.628571 0.0659828
0.228571 0.628571 0.0937269
0.257143 0.628571 0.125681
0.285714 0.628571 0.161709
0.314286 0.628571 0.201611
0.342857 0.628571 0.245105
0.371429 0.628571 0.291816
0.4 0.628571 0.341258
0.428571 0.628571 0.392818
0.457143 0.628571 0.445742
0.485714 0.628571 0.499129
0.514286 0.628571 0.551917
0.542857 0.628571 0.602882
0.571429 0.628571 0.650643
0.6 0.628571 0.693673
0.628571 0.628571 0.730319
0.657143 0.628571 0.758835
0.685714 0.628571 0.777428
0.714286 0.628571 0.784314
0.742857 0.628571 0.777788
0.771429 0.628571 0.756316
0.8 0.628571 0.718625
0.828571 0.628571 0.663816
0.857143 0.628571 0.591474
0.885714 0.628571 0.501787
0.914286 0.628571 0.395653
0.942857 0.628571 0.274772
0.971429 0.628571 0.141724
0 0.685714 -0.00790994
0.0285714 0.685714 -0.0112987
0.0571429 0.685714 -0.0101549
0.0857143 0.685714 -0.00446491
0.114286 0.685714 0.00578503
0.142857 0.685714 0.0206045
0.171429 0.685714 0.0399931
0.2 0.685714 0.0639324
0.228571 0.685714 0.0923765
0.257143 0.685714 0.12524
0.285714 0.685714 0.162386
0.314286 0.685714 0.20361
0.342857 0.685714 0.248625
0.371429 0.685714 0.297046
0.4 0.685714 0.348371
0.428571 0.685714 0.401969
0.457143 0.685714 0.457061
0.485714 0.685714 0.51271
0.514286 0.685714 0.567813
0.542857 0.685714 0.621098
0.571429 0.685714 0.671125
0.6 0.685714 0.716301
0.628571 0.685714 0.754897
0.657143 0.685714 0.785088
0.685714 0.685714 0.804994
0.714286 0.685714 0.812742
0.742857 0.685714 0.806543
0.771429 0.685714 0.784779
0.8 0.685714 0.746107
0.828571 0.685714 0.68957
0.857143 0.685714 0.614721
0.885714 0.685714 0.521737
0.914286 0.685714 0.411543
0.942857 0.685714 0.285905
0.971429 0.685714 0.147509
0 0.742857 -0.00889909
0.0285714 0.742857 -0.0130872
0.0571429 0.742857 -0.0125606
0.0857143 0.742857 -0.00731173
0.114286 0.742857 0.0026689
0.142857 0.742857 0.0173882
0.171429 0.742857 0.0368445
0.2 0.742857 0.061019
0.228571 0.742857 0.0898661
0.257143 0.742857 0.123301
0.285714 0.742857 0.161186
0.314286 0.742857 0.203316
0.342857 0.742857 0.249401
0.371429 0.742857 0.299051
0.4 0.742857 0.351754
0.428571 0.742857 0.406867
0.457143 0.742857 0.463591
0.485714 0.742857 0.520968
0.514286 0.742857 0.577863
0.542857 0.742857 0.632967
0.571429 0.742857 0.684796
0.6 0.742857 0.731704
0.628571 0.742857 0.771907
0.657143 0.742857 0.803514
0.685714 0.742857 0.824577
0.714286 0.742857 0.833152
0.742857 0.742857 0.827379
0.771429 0.742857 0.805573
0.8 0.742857 0.766329
0.828571 0.742857 0.708643
0.857143 0.742857 0.632034
0.885714 0.742857 0.53667
0.914286 0.742857 0.42349
0.942857 0.742857 0.294307
0.971429 0.742857 0.151889
0 0.8 -0.00983213
0.0285714 0.8 -0.0148029
0.0571429 0.8 -0.014918
0.0857143 0.8 -0.0101766
0.114286 0.8 -0.000574764
0.142857 0.8 0.0138913
0.171429 0.8 0.033218
0.2 0.8 0.0573862
0.228571 0.8 0.0863509
0.257143 0.8 0.120029
0.285714 0.8 0.158283
0.314286 0.8 0.20091
0.342857 0.8 0.247619
0.371429 0.8 0.298019
0.4 0.8 0.351596
0.428571 0.8 0.407698
0.457143 0.8 0.465517
0.485714 0.8 0.524081
0.514286 0.8 0.582235
0.542857 0.8 0.638646
0.571429 0.8 0.6918
0.6 0.8 0.740015
0.628571 0.8 0.781464
0.657143 0.8 0.814212
0.685714 0.8 0.836259
0.714286 0.8 0.845607
0.742857 0.8 0.840343
0.771429 0.8 0.818727
0.8 0.8 0.779308
0.828571 0.8 0.721039
0.857143 0.8 0.64341
0.885714 0.8 0.546576
0.914286 0.8 0.431481
0.942857 0.8 0.299966
0.971429 0.8 0.154857
0 0.857143 -0.0106869
0.0285714 0.857143 -0.0164029
0.0571429 0.857143 -0.0171639
0.0857143 0.857143 -0.0129774
0.114286 0.857143 -0.00384532
0.142857 0.857143 0.0102319
0.171429 0.857143 0.0292487
0.2 0.857143 0.0531854
0.228571 0.857143 0.0819976
0.257143 0.857143 0.115604
0.285714 0.857143 0.153871
0.314286 0.857143 0.196597
0.342857 0.857143 0.243496
0.371429 0.857143 0.294178
0.4 0.857143 0.34813
0.428571 0.857143 0.404701
0.457143 0.857143 0.463081
0.485714 0.857143 0.522291
0.514286 0.857143 0.58117
0.542857 0.857143 0.638372
0.571429 0.857143 0.692367
0.6 0.857143 0.741453
0.628571 0.857143 0.783779
0.657143 0.857143 0.817379
0.685714 0.857143 0.840221
0.714286 0.857143 0.850273
0.742857 0.857143 0.845581
0.771429 0.857143 0.824371
0.8 0.857143 0.785152
0.828571 0.857143 0.726848
0.857143 0.857143 0.648921
0.885714 0.857143 0.55151
0.914286 0.857143 0.435554
0.942857 0.857143 0.302908
0.971429 0.857143 0.156424
0 0.914286 -0.0114429
0.0285714 0.914286 -0.0178465
0.0571429 0.914286 -0.0192384
0.0857143 0.914286 -0.015635
0.114286 0.914286 -0.00704506
0.142857 0.914286 0.0065265
0.171429 0.914286 0.0250714
0.2 0.914286 0.0485694
0.228571 0.914286 0.0769772
0.257143 0.914286 0.110216
0.285714 0.914286 0.148156
0.314286 0.914286 0.190601
0.342857 0.914286 0.23727
0.371429 0.914286 0.287779
0.4 0.914286 0.341623
0.428571 0.914286 0.398154
0.457143 0.914286 0.45657
0.485714 0.914286 0.515895
0.514286 0.914286 0.574971
0.542857 0.914286 0.63245
0.571429 0.914286 0.686802
0.6 0.914286 0.73632
0.628571 0.914286 0.779145
0.657143 0.914286 0.813298
0.685714 0.914286 0.836734
0.714286 0.914286 0.847402
0.742857 0.914286 0.843329
0.771429 0.914286 0.822716
0.8 0.914286 0.784052
0.828571 0.914286 0.726233
0.857143 0.914286 0.648703
0.885714 0.914286 0.55158
0.914286 0.914286 0.435791
0.942857 0.914286 0.303185
0.971429 0.914286 0.156617
0 0.971429 -0.0120813
0.0285714 0.971429 -0.019097
0.0571429 0.971429 -0.0210865
0.0857143 0.971429 -0.0180763
0.114286 0.971429 -0.0100823
0.142857 0.971429 0.00288548
0.171429 0.971429 0.0208159
0.2 0.971429 0.0436879
0.228571 0.971429 0.0714594
0.257143 0.971429 0.104055
0.285714 0.971429 0.141349
0.314286 0.971429 0.183152
0.342857 0.971429 0.229192
0.371429 0.971429 0.279095
0.4 0.971429 0.332364
0.428571 0.971429 0.388366
0.457143 0.971429 0.446308
0.485714 0.971429 0.50523
0.514286 0.971429 0.563983
0.542857 0.971429 0.621236
0.571429 0.971429 0.675466
0.6 0.971429 0.724979
0.628571 0.971429 0.767922
0.657143 0.971429 0.802324
0.685714 0.971429 0.826141
0.714286 0.971429 0.837324
0.742857 0.971429 0.833896
0.771429 0.971429 0.814051
0.8 0.971429 0.776266
0.828571 0.971429 0.719424
0.857143 0.971429 0.642951
0.885714 0.971429 0.546945
0.914286 0.971429 0.432312
0.942857 0.971429 0.300878
0.971429 0.971429 0.155476
0 1.02857 -0.0125862
0.0285714 1.02857 -0.0201221
0.0571429 1.02857 -0.0226598
0.0857143 1.02857 -0.0202359
0.114286 1.02857 -0.012874
0.142857 1.02857 -0.000589449
0.171429 1.02857 0.0166034
0.2 1.02857 0.0386826
0.228571 1.02857 0.0656075
0.257143 1.02857 0.0973057
0.285714 1.02857 0.133658
0.314286 1.02857 0.174484
0.342857 1.02857 0.21952
0.371429 1.02857 0.268404
0.4 1.02857 0.320657
0.428571 1.02857 0.37566
0.457143 1.02857 0.432642
0.485714 1.02857 0.49066
0.514286 1.02857 0.548591
0.542857 1.02857 0.605125
0.571429 1.02857 0.658766
0.6 1.02857 0.707842
0.628571 1.02857 0.750526
0.657143 1.02857 0.784869
0.685714 1.02857 0.808849
0.714286 1.02857 0.820432
0.742857 1.02857 0.817657
0.771429 1.02857 0.798725
0.8 1.02857 0.762114
0.828571 1.02857 0.706706
0.857143 1.02857 0.631911
0.885714 1.02857 0.537807
0.914286 1.02857 0.425272
0.942857 1.02857 0.296091
0.971429 1.02857 0.153054
0 1.08571 -0.0129445
0.0285714 1.08571 -0.0208953
0.0571429 1.08571 -0.0239174
0.0857143 1.08571 -0.0220577
0.114286 1.08571 -0.0153475
0.142857 1.08571 -0.00380793
0.171429 1.08571 0.0125436
0.2 1.08571 0.033684
0.228571 1.08571 0.0595742
0.257143 1.08571 0.0901456
0.285714 1.08571 0.125286
0.314286 1.08571 0.164823
0.342857 1.08571 0.208506
0.371429 1.08571 0.255989
0.4 1.08571 0.30681
0.428571 1.08571 0.360373
0.457143 1.08571 0.415931
0.485714 1.08571 0.472571
0.514286 1.08571 0.529201
0.542857 1.08571 0.584545
0.571429 1.08571 0.637143
0.6 1.08571 0.685364
0.628571 1.08571 0.727418
0.657143 1.08571 0.761396
0.685714 1.08571 0.785313
0.714286 1.08571 0.797172
0.742857 1.08571 0.795039
0.771429 1.08571 0.77714
0.8 1.08571 0.74197
0.828571 1.08571 0.688412
0.857143 1.08571 0.615872
0.885714 1.08571 0.524406
0.914286 1.08571 0.414854
0.942857 1.08571 0.288949
0.971429 1.08571 0.149413
0 1.14286 -0.0131461
0.0285714 1.14286 -0.0213958
0.0571429 1.14286 -0.0248268
0.0857143 1.14286 -0.0234959
0.114286 1.14286 -0.0174423
0.142857 1.14286 -0.00669268
0.171429 1.14286 0.0087323
0.2 1.14286 0.0288087
0.228571 1.14286 0.0534987
0.257143 1.14286 0.082738
0.285714 1.14286 0.116421
0.314286 1.14286 0.154387
0.342857 1.14286 0.196398
0.371429 1.14286 0.242125
0.4 1.14286 0.29113
0.428571 1.14286 0.342841
0.457143 1.14286 0.396543
0.485714 1.14286 0.451358
0.514286 1.14286 0.506234
0.542857 1.14286 0.559939
0.571429 1.14286 0.611064
0.6 1.14286 0.658025
0.628571 1.14286 0.699089
0.657143 1.14286 0.7324
0.685714 1.14286 0.75603
0.714286 1.14286 0.768029
0.742857 1.14286 0.766512
0.771429 1.14286 0.749744
0.8 1.14286 0.716246
0.828571 1.14286 0.664917
0.857143 1.14286 0.595161
0.885714 1.14286 0.507012
0.914286 1.14286 0.401268
0.942857 1.14286 0.279596
0.971429 1.14286 0.144627
0 1.2 -0.0131844
0.0285714 1.2 -0.0216094
0.0571429 1.2 -0.0253644
0.0857143 1.2 -0.0245159
0.114286 1.2 -0.0191107
0.142857 1.2 -0.00918065
0.171429 1.2 0.00525032
0.2 1.2 0.0241574
0.228571 1.2 0.0475043
0.257143 1.2 0.0752311
0.285714 1.2 0.10724
0.314286 1.2 0.14338
0.342857 1.2 0.183431
0.371429 1.2 0.227081
0.4 1.2 0.273917
0.428571 1.2 0.323399
0.457143 1.2 0.374845
0.485714 1.2 0.427421
0.514286 1.2 0.48012
0.542857 1.2 0.531767
0.571429 1.2 0.581009
0.6 1.2 0.626327
0.628571 1.2 0.666056
0.657143 1.2 0.698409
0.685714 1.2 0.721526
0.714286 1.2 0.733526
0.742857 1.2 0.732585
0.771429 1.2 0.71702
0.8 1.2 0.685394
0.828571 1.2 0.63663
0.857143 1.2 0.570135
0.885714 1.2 0.485924
0.914286 1.2 0.384745
0.942857 1.2 0.26819
0.971429 1.2 0.138775
0 1.25714 -0.0130561
0.0285714 1.25714 -0.0215278
0.0571429 1.25714 -0.0255154
0.0857143 1.25714 -0.0250944
0.114286 1.25714 -0.0203182
0.142857 1.25714 -0.0112237
0.171429 1.25714 0.00216221
0.2 1.25714 0.0198139
0.228571 1.25714 0.0416969
0.257143 1.25714 0.0677557
0.285714 1.25714 0.0979004
0.314286 1.25714 0.131992
0.342857 1.25714 0.169824
0.371429 1.25714 0.21111
0.4 1.25714 0.255461
0.428571 1.25714 0.302371
0.457143 1.25714 0.351198
0.485714 1.25714 0.401154
0.514286 1.25714 0.45129
0.542857 1.25714 0.500489
0.571429 1.25714 0.547468
0.6 1.25714 0.590785
0.628571 1.25714 0.628851
0.657143 1.25714 0.659966
0.685714 1.25714 0.682351
0.714286 1.25714 0.694209
0.742857 1.25714 0.69379
0.771429 1.25714 0.679479
0.8 1.25714 0.649893
0.828571 1.25714 0.603986
0.857143 1.25714 0.541177
0.885714 1.25714 0.461462
0.914286 1.25714 0.365536
0.942857 1.25714 0.254901
0.971429 1.25714 0.131946
0 1.31429 -0.0127612
0.0285714 1.31429 -0.0211493
0.0571429 1.31429 -0.0252743
0.0857143 1.31429 -0.0252192
0.114286 1.31429 -0.0210437
0.142857 1.31429 -0.0127887
0.171429 1.31429 -0.000483848
0.2 1.31429 0.0158447
0.228571 1.31429 0.0361642
0.257143 1.31429 0.0604238
0.285714 1.31429 0.0885416
0.314286 1.31429 0.12039
0.342857 1.31429 0.155782
0.371429 1.31429 0.19445
0.4 1.31429 0.236036
0.428571 1.31429 0.280068
0.457143 1.31429 0.325951
0.485714 1.31429 0.372947
0.514286 1.31429 0.420166
0.542857 1.31429 0.466564
0.571429 1.31429 0.510933
0.6 1.31429 0.551915
0.628571 1.31429 0.588016
0.657143 1.31429 0.617627
0.685714 1.31429 0.639069
0.714286 1.31429 0.65064
0.742857 1.31429 0.65068
0.771429 1.31429 0.637654
0.8 1.31429 0.610242
0.828571 1.31429 0.567444
0.857143 1.31429 0.508691
0.885714 1.31429 0.433965
0.914286 1.31429 0.343905
0.942857 1.31429 0.239913
0.971429 1.31429 0.124232
0 1.37143 -0.0123029
0.0285714 1.37143 -0.0204783
0.0571429 1.37143 -0.0246441
0.0857143 1.37143 -0.0248895
0.114286 1.37143 -0.0212791
0.142857 1.37143 -0.0138574
0.171429 1.37143 -0.002656
0.2 1.37143 0.0122986
0.228571 1.37143 0.0309756
0.257143 1.37143 0.0533287
0.285714 1.37143 0.0792841
0.314286 1.37143 0.108727
0.342857 1.37143 0.141486
0.371429 1.37143 0.177319
0.4 1.37143 0.215897
0.428571 1.37143 0.256787
0.457143 1.37143 0.29944
0.485714 1.37143 0.343174
0.514286 1.37143 0.387166
0.542857 1.37143 0.430445
0.571429 1.37143 0.47189
0.6 1.37143 0.510237
0.628571 1.37143 0.544092
0.657143 1.37143 0.571954
0.685714 1.37143 0.592253
0.714286 1.37143 0.603394
0.742857 1.37143 0.603821
0.771429 1.37143 0.59209
0.8 1.37143 0.566958
0.828571 1.37143 0.527475
0.857143 1.37143 0.473096
0.885714 1.37143 0.403787
0.914286 1.37143 0.320128
0.942857 1.37143 0.223415
0.971429 1.37143 0.115732
0 1.42857 -0.0116874
0.0285714 1.42857 -0.0195248
0.0571429 1.42857 -0.023636
0.0857143 1.42857 -0.0241148
0.114286 1.42857 -0.021029
0.142857 1.42857 -0.0144258
0.171429 1.42857 -0.00433826
0.2 1.42857 0.00920728
0.228571 1.42857 0.026182
0.257143 1.42857 0.0465443
0.285714 1.42857 0.0702283
0.314286 1.42857 0.0971315
0.342857 1.42857 0.1271
0.371429 1.42857 0.159917
0.4 1.42857 0.195283
0.428571 1.42857 0.232805
0.457143 1.42857 0.271984
0.485714 1.42857 0.312196
0.514286 1.42857 0.352689
0.542857 1.42857 0.392572
0.571429 1.42857 0.430816
0.6 1.42857 0.46626
0.628571 1.42857 0.497618
0.657143 1.42857 0.523506
0.685714 1.42857 0.542475
0.714286 1.42857 0.553048
0.742857 1.42857 0.553785
0.771429 1.42857 0.543345
0.8 1.42857 0.520567
0.828571 1.42857 0.484566
0.857143 1.42857 0.434822
0.885714 1.42857 0.37129
0.914286 1.42857 0.29449
0.942857 1.42857 0.205604
0.971429 1.42857 0.106545
0 1.48571 -0.0109237
0.0285714 1.48571 -0.0183045
0.0571429 1.48571 -0.0222693
0.0857143 1.48571 -0.0229144
0.114286 1.48571 -0.0203096
0.142857 1.48571 -0.0145035
0.171429 1.48571 -0.00552971
0.2 1.48571 0.00658592
0.228571 1.48571 0.0218167
0.257143 1.48571 0.0401258
0.285714 1.48571 0.0614552
0.314286 1.48571 0.0857146
0.342857 1.48571 0.112768
0.371429 1.48571 0.142422
0.4 1.48571 0.174409
0.428571 1.48571 0.208379
0.457143 1.48571 0.24388
0.485714 1.48571 0.280353
0.514286 1.48571 0.317118
0.542857 1.48571 0.35337
0.571429 1.48571 0.388177
0.6 1.48571 0.420483
0.628571 1.48571 0.449123
0.657143 1.48571 0.472838
0.685714 1.48571 0.490306
0.714286 1.48571 0.500182
0.742857 1.48571 0.501147
0.771429 1.48571 0.491975
0.8 1.48571 0.471601
0.828571 1.48571 0.439206
0.857143 1.48571 0.394306
0.885714 1.48571 0.336844
0.914286 1.48571 0.267282
0.942857 1.48571 0.186682
0.971429 1.48571 0.0967749
0 1.54286 -0.0100237
0.0285714 1.54286 -0.016838
0.0571429 1.54286 -0.0205702
0.0857143 1.54286 -0.021317
0.114286 1.54286 -0.0191482
0.142857 1.54286 -0.0141127
0.171429 1.54286 -0.00624354
0.2 1.54286 0.00443422
0.228571 1.54286 0.0178964
0.257143 1.54286 0.0341106
0.285714 1.54286 0.0530267
0.314286 1.54286 0.0745663
0.342857 1.54286 0.098611
0.371429 1.54286 0.124991
0.4 1.54286 0.153472
0.428571 1.54286 0.183744
0.457143 1.54286 0.215408
0.485714 1.54286 0.247968
0.514286 1.54286 0.280819
0.542857 1.54286 0.313246
0.571429 1.54286 0.344417
0.6 1.54286 0.373391
0.628571 1.54286 0.399125
0.657143 1.54286 0.420492
0.685714 1.54286 0.436308
0.714286 1.54286 0.445364
0.742857 1.54286 0.446477
0.771429 1.54286 0.43854
0.8 1.54286 0.420592
0.828571 1.54286 0.391889
0.857143 1.54286 0.351986
0.885714 1.54286 0.300822
0.914286 1.54286 0.238798
0.942857 1.54286 0.166853
0.971429 1.54286 0.0865277
0 1.6 -0.00900125
0.0285714 1.6 -0.0151501
0.0571429 1.6 -0.0185715
0.0857143 1.6 -0.0193594
0.114286 1.6 -0.0175821
0.142857 1.6 -0.0132869
0.171429 1.6 -0.00650588
0.2 1.6 0.00273755
0.228571 1.6 0.0144218
0.257143 1.6 0.028519
0.285714 1.6 0.0449865
0.314286 1.6 0.0637575
0.342857 1.6 0.0847308
0.371429 1.6 0.10776
0.4 1.6 0.132644
0.428571 1.6 0.159113
0.457143 1.6 0.186821
0.485714 1.6 0.215337
0.514286 1.6 0.244133
0.542857 1.6 0.272585
0.571429 1.6 0.299965
0.6 1.6 0.325449
0.628571 1.6 0.348123
0.657143 1.6 0.366996
0.685714 1.6 0.381029
0.714286 1.6 0.389157
0.742857 1.6 0.390336
0.771429 1.6 0.38359
0.8 1.6 0.368067
0.828571 1.6 0.343105
0.857143 1.6 0.308304
0.885714 1.6 0.2636
0.914286 1.6 0.209334
0.942857 1.6 0.146323
0.971429 1.6 0.0759088
0 1.65714 -0.00787265
0.0285714 1.65714 -0.0132702
0.0571429 1.65714 -0.0163116
0.0857143 1.65714 -0.0170858
0.114286 1.65714 -0.0156571
0.142857 1.65714 -0.0120701
0.171429 1.65714 -0.00635455
0.2 1.65714 0.00146823
0.228571 1.65714 0.0113794
0.257143 1.65714 0.0233556
0.285714 1.65714 0.0373613
0.314286 1.65714 0.0533409
0.342857 1.65714 0.0712097
0.371429 1.65714 0.0908449
0.4 1.65714 0.112076
0.428571 1.65714 0.134676
0.457143 1.65714 0.158352
0.485714 1.65714 0.182736
0.514286 1.65714 0.207379
0.542857 1.65714 0.231749
0.571429 1.65714 0.255224
0.6 1.65714 0.277101
0.628571 1.65714 0.296595
0.657143 1.65714 0.31286
0.685714 1.65714 0.325001
0.714286 1.65714 0.332106
0.742857 1.65714 0.333275
0.771429 1.65714 0.327668
0.8 1.65714 0.314548
0.828571 1.65714 0.293341
0.857143 1.65714 0.263696
0.885714 1.65714 0.22555
0.914286 1.65714 0.179186
0.942857 1.65714 0.125296
0.971429 1.65714 0.0650246
0 1.71429 -0.00665597
0.0285714 1.71429 -0.011231
0.0571429 1.71429 -0.0138342
0.0857143 1.71429 -0.0145469
0.114286 1.71429 -0.0134273
0.142857 1.71429 -0.0105153
0.171429 1.71429 -0.00583767
0.2 1.71429 0.000586935
0.228571 1.71429 0.00874268
0.257143 1.71429 0.0186105
0.285714 1.71429 0.0301618
0.314286 1.71429 0.0433515
0.342857 1.71429 0.058111
0.371429 1.71429 0.0743401
0.4 1.71429 0.0918995
0.428571 1.71429 0.110603
0.457143 1.71429 0.130208
0.485714 1.71429 0.150414
0.514286 1.71429 0.170849
0.542857 1.71429 0.191073
0.571429 1.71429 0.210573
0.6 1.71429 0.228764
0.628571 1.71429 0.244997
0.657143 1.71429 0.258569
0.685714 1.71429 0.268736
0.714286 1.71429 0.274738
0.742857 1.71429 0.275828
0.771429 1.71429 0.271301
0.8 1.71429 0.260544
0.828571 1.71429 0.243073
0.857143 1.71429 0.218591
0.885714 1.71429 0.187039
0.914286 1.71429 0.148646
0.942857 1.71429 0.103978
0.971429 1.71429 0.0539808
0 1.77143 -0.00537098
0.0285714 1.77143 -0.00906827
0.0571429 1.77143 -0.0111876
0.0857143 1.77143 -0.0117992
0.114286 1.77143 -0.010953
0.142857 1.77143 -0.00868321
0.171429 1.77143 -0.00501232
0.2 1.77143 4.42145e-05
0.228571 1.77143 0.00647364
0.257143 1.77143 0.0142611
0.285714 1.77143 0.0233844
0.314286 1.77143 0.0338087
0.342857 1.77143 0.0454804
0.371429 1.77143 0.0583215
0.4 1.77143 0.0722225
0.428571 1.77143 0.087037
0.457143 1.77143 0.102575
0.485714 1.77143 0.118597
0.514286 1.77143 0.134812
0.542857 1.77143 0.15087
0.571429 1.77143 0.166365
0.6 1.77143 0.180833
0.628571 1.77143 0.19376
0.657143 1.77143 0.204587
0.685714 1.77143 0.212722
0.714286 1.77143 0.217562
0.742857 1.77143 0.218509
0.771429 1.77143 0.215003
0.8 1.77143 0.206551
0.828571 1.77143 0.192768
0.857143 1.77143 0.173412
0.885714 1.77143 0.148431
0.914286 1.77143 0.118003
0.942857 1.77143 0.0825713
0.971429 1.77143 0.0428823
0 1.82857 -0.00403904
0.0285714 1.82857 -0.00682091
0.0571429 1.82857 -0.00842368
0.0857143 1.82857 -0.00890373
0.114286 1.82857 -0.00830063
0.142857 1.82857 -0.00664121
0.171429 1.82857 -0.00394306
0.2 1.82857 -0.000218025
0.228571 1.82857 0.00452434
0.257143 1.82857 0.0102732
0.285714 1.82857 0.0170124
0.314286 1.82857 0.0247167
0.342857 1.82857 0.0333471
0.371429 1.82857 0.0428462
0.4 1.82857 0.0531339
0.428571 1.82857 0.0641024
0.457143 1.82857 0.0756117
0.485714 1.82857 0.0874854
0.514286 1.82857 0.0995077
0.542857 1.82857 0.111421
0.571429 1.82857 0.122923
0.6 1.82857 0.133672
0.628571 1.82857 0.143285
0.657143 1.82857 0.151348
0.685714 1.82857 0.157422
0.714286 1.82857 0.161058
0.742857 1.82857 0.161811
0.771429 1.82857 0.159264
0.8 1.82857 0.15305
0.828571 1.82857 0.14288
0.857143 1.82857 0.128571
0.885714 1.82857 0.110081
0.914286 1.82857 0.0875406
0.942857 1.82857 0.0612747
0.971429 1.82857 0.0318327
0 1.88571 -0.00268304
0.0285714 1.88571 -0.00453038
0.0571429 1.88571 -0.00559811
0.0857143 1.88571 -0.00592583
0.114286 1.88571 -0.00554093
0.142857 1.88571 -0.00446183
0.171429 1.88571 -0.00270052
0.2 1.88571 -0.000264973
0.228571 1.88571 0.00283851
0.257143 1.88571 0.00660288
0.285714 1.88571 0.0110178
0.314286 1.88571 0.0160668
0.342857 1.88571 0.0217247
0.371429 1.88571 0.0279542
0.4 1.88571 0.034703
0.428571 1.88571 0.0419008
0.457143 1.88571 0.049456
0.485714 1.88571 0.0572532
0.514286 1.88571 0.065151
0.542857 1.88571 0.0729802
0.571429 1.88571 0.0805434
0.6 1.88571 0.0876153
0.628571 1.88571 0.093945
0.657143 1.88571 0.0992598
0.685714 1.88571 0.103271
0.714286 1.88571 0.105683
0.742857 1.88571 0.106204
0.771429 1.88571 0.104557
0.8 1.88571 0.100502
0.828571 1.88571 0.0938445
0.857143 1.88571 0.0844659
0.885714 1.88571 0.0723364
0.914286 1.88571 0.0575385
0.942857 1.88571 0.0402851
0.971429 1.88571 0.0209346
0 1.94286 -0.00132764
0.0285714 1.94286 -0.00224092
0.0571429 1.94286 -0.00276961
0.0857143 1.94286 -0.00293411
0.114286 1.94286 -0.00274837
0.142857 1.94286 -0.00222165
0.171429 1.94286 -0.00136
0.2 1.94286 -0.000167377
0.228571 1.94286 0.00135312
0.257143 1.94286 0.00319807
0.285714 1.94286 0.00536244
0.314286 1.94286 0.00783827
0.342857 1.94286 0.0106132
0.371429 1.94286 0.0136692
0.4 1.94286 0.0169806
0.428571 1.94286 0.020513
0.457143 1.94286 0.0242216
0.485714 1.94286 0.0280498
0.514286 1.94286 0.0319284
0.542857 1.94286 0.0357744
0.571429 1.94286 0.0394909
0.6 1.94286 0.0429673
0.628571 1.94286 0.0460804
0.657143 1.94286 0.0486962
0.685714 1.94286 0.0506729
0.714286 1.94286 0.0518651
0.742857 1.94286 0.0521289
0.771429 1.94286 0.0513288
0.8 1.94286 0.0493453
0.828571 1.94286 0.0460839
0.857143 1.94286 0.0414849
0.885714 1.94286 0.0355333
0.914286 1.94286 0.0282691
0.942857 1.94286 0.0197962
0.971429 1.94286 0.0102898
