0 0 0.00417276
0.0666667 0 0.00997883
0.133333 0 0.0182475
0.2 0 0.0292955
0.266667 0 0.0430372
0.333333 0 0.0589969
0.4 0 0.0762733
0.466667 0 0.0934966
0.533333 0 0.108818
0.6 0 0.119978
0.666667 0 0.124492
0.733333 0 0.12
0.8 0 0.104776
0.866667 0 0.078361
0.933333 0 0.0421866
0 0.133333 0.0018123
0.0666667 0.133333 0.0101066
0.133333 0.133333 0.0253717
0.2 0.133333 0.0477952
0.266667 0.133333 0.0771483
0.333333 0.133333 0.112611
0.4 0.133333 0.152542
0.466667 0.133333 0.194237
0.533333 0.133333 0.233735
0.6 0.133333 0.265772
0.666667 0.133333 0.284024
0.733333 0.133333 0.281778
0.8 0.133333 0.253128
0.866667 0.133333 0.194712
0.933333 0.133333 0.107768
0 0.266667 -0.00307761
0.0666667 0.266667 0.00559892
0.133333 0.266667 0.0263611
0.2 0.266667 0.059314
0.266667 0.266667 0.104118
0.333333 0.266667 0.159648
0.4 0.266667 0.223552
0.466667 0.266667 0.291761
0.533333 0.266667 0.358065
0.6 0.266667 0.413921
0.666667 0.266667 0.448724
0.733333 0.266667 0.450828
0.8 0.266667 0.409538
0.866667 0.266667 0.318116
0.933333 0.266667 0.177519
0 0.4 -0.0090878
0.0666667 0.4 -0.00148728
0.133333 0.4 0.0230801
0.2 0.4 0.064703
0.266667 0.4 0.122984
0.333333 0.4 0.196557
0.4 0.4 0.282444
0.466667 0.4 0.375333
0.533333 0.4 0.466926
0.6 0.4 0.545594
0.666667 0.4 0.596684
0.733333 0.4 0.603874
0.8 0.4 0.551909
0.866667 0.4 0.430843
0.933333 0.4 0.241359
0 0.533333 -0.0154951
0.0666667 0.533333 -0.0100995
0.133333 0.533333 0.0164135
0.2 0.533333 0.0641316
0.266667 0.533333 0.132643
0.333333 0.533333 0.220428
0.4 0.533333 0.324049
0.466667 0.533333 0.437219
0.533333 0.533333 0.54995
0.6 0.533333 0.648069
0.666667 0.533333 0.713536
0.733333 0.533333 0.726073
0.8 0.533333 0.66653
0.866667 0.533333 0.522164
0.933333 0.533333 0.293308
0 0.666667 -0.0216959
0.0666667 0.666667 -0.0192874
0.133333 0.666667 0.00734837
0.2 0.666667 0.0582805
0.266667 0.666667 0.13311
0.333333 0.666667 0.230266
0.4 0.666667 0.346059
0.466667 0.666667 0.473588
0.533333 0.666667 0.601719
0.6 0.666667 0.714479
0.666667 0.666667 0.791364
0.733333 0.666667 0.809139
0.8 0.666667 0.745674
0.866667 0.666667 0.585983
0.933333 0.666667 0.329943
0 0.8 -0.0270817
0.0666667 0.8 -0.0279983
0.133333 0.8 -0.00279701
0.2 0.8 0.0485395
0.266667 0.8 0.125641
0.333333 0.8 0.226982
0.4 0.8 0.348838
0.466667 0.8 0.484085
0.533333 0.8 0.621049
0.6 0.8 0.742802
0.666667 0.8 0.827424
0.733333 0.8 0.849887
0.8 0.8 0.786143
0.866667 0.8 0.619644
0.933333 0.8 0.349714
0 0.933333 -0.0310853
0.0666667 0.933333 -0.0351804
0.133333 0.933333 -0.0125588
0.2 0.933333 0.0367128
0.266667 0.933333 0.1123
0.333333 0.933333 0.212799
0.4 0.933333 0.334653
0.466667 0.933333 0.470884
0.533333 0.933333 0.609883
0.6 0.933333 0.734621
0.666667 0.933333 0.822852
0.733333 0.933333 0.848978
0.8 0.933333 0.788184
0.866667 0.933333 0.623112
0.933333 0.933333 0.352505
0 1.06667 -0.033263
0.0666667 1.06667 -0.0399551
0.133333 1.06667 -0.0206031
0.2 1.06667 0.024621
0.266667 1.06667 0.0954183
0.333333 1.06667 0.190564
0.4 1.06667 0.306827
0.466667 1.06667 0.437703
0.533333 1.06667 0.572192
0.6 1.06667 0.693967
0.666667 1.06667 0.781509
0.733333 1.06667 0.809853
0.8 1.06667 0.754581
0.866667 1.06667 0.598329
0.933333 1.06667 0.339299
0 1.2 -0.0333564
0.0666667 1.2 -0.0417462
0.133333 1.2 -0.0259377
0.2 1.2 0.0137894
0.266667 1.2 0.0771699
0.333333 1.2 0.163189
0.4 1.2 0.269054
0.466667 1.2 0.388993
0.533333 1.2 0.513069
0.6 1.2 0.626363
0.666667 1.2 0.709028
0.733333 1.2 0.737851
0.8 1.2 0.689918
0.866667 1.2 0.548671
0.933333 1.2 0.311895
0 1.33333 -0.0313175
0.0666667 1.33333 -0.0403397
0.133333 1.33333 -0.0280207
0.2 1.33333 0.00527192
0.266667 1.33333 0.0593057
0.333333 1.33333 0.133285
0.4 1.33333 0.224921
0.466667 1.33333 0.32935
0.533333 1.33333 0.438051
0.6 1.33333 0.538079
0.666667 1.33333 0.612054
0.733333 1.33333 0.639486
0.8 1.33333 0.599964
0.866667 1.33333 0.478505
0.933333 1.33333 0.272666
0 1.46667 -0.0273025
0.0666667 1.46667 -0.0358807
0.133333 1.46667 -0.0267775
0.2 1.46667 -0.000406253
0.266667 1.46667 0.0430353
0.333333 1.46667 0.102961
0.4 1.46667 0.17761
0.466667 1.46667 0.263126
0.533333 1.46667 0.352636
0.6 1.46667 0.435581
0.666667 1.46667 0.497662
0.733333 1.46667 0.521884
0.8 1.46667 0.491176
0.866667 1.46667 0.392812
0.933333 1.46667 0.224364
0 1.6 -0.0216445
0.0666667 1.6 -0.0288295
0.133333 1.6 -0.0225554
0.2 1.6 -0.00322206
0.266667 1.6 0.0290136
0.333333 1.6 0.0737544
0.4 1.6 0.12975
0.466667 1.6 0.194182
0.533333 1.6 0.261949
0.6 1.6 0.325127
0.666667 1.6 0.3729
0.733333 1.6 0.392322
0.8 1.6 0.370283
0.866667 1.6 0.296874
0.933333 1.6 0.169949
0 1.73333 -0.0148152
0.0666667 1.73333 -0.019894
0.133333 1.73333 -0.0160418
0.2 1.73333 -0.0035767
0.266667 1.73333 0.0173927
0.333333 1.73333 0.0466296
0.4 1.73333 0.0833534
0.466667 1.73333 0.125759
0.533333 1.73333 0.170532
0.6 1.73333 0.212477
0.666667 1.73333 0.244456
0.733333 1.73333 0.257873
0.8 1.73333 0.243964
0.866667 1.73333 0.196022
0.933333 1.73333 0.112444
0 1.86667 -0.00738652
0.0666667 1.86667 -0.00995599
0.133333 1.86667 -0.0081661
0.2 1.86667 -0.0021923
0.266667 1.86667 0.0079112
0.333333 1.86667 0.0220384
0.4 1.86667 0.039825
0.466667 1.86667 0.060412
0.533333 1.86667 0.0822057
0.6 1.86667 0.102692
0.666667 1.86667 0.1184
0.733333 1.86667 0.125132
0.8 1.86667 0.118584
0.866667 1.86667 0.0954354
0.933333 1.86667 0.0548339
