0 0 0.0023143
0.05 0 0.00536392
0.1 0 0.00955326
0.15 0 0.0150916
0.2 0 0.022056
0.25 0 0.0304159
0.3 0 0.0400369
0.35 0 0.0506733
0.4 0 0.0619554
0.45 0 0.0733782
0.5 0 0.084295
0.55 0 0.0939231
0.6 0 0.101368
0.65 0 0.105668
0.7 0 0.105875
0.75 0 0.101153
0.8 0 0.0909149
0.85 0 0.0749741
0.9 0 0.0536918
0.95 0 0.0281056
0 0.1 0.00168728
0.05 0.1 0.00616883
0.1 0.1 0.0137096
0.15 0.1 0.0244756
0.2 0.1 0.0385211
0.25 0.1 0.0557684
0.3 0.1 0.0759765
0.35 0.1 0.0987013
0.4 0.1 0.123249
0.45 0.1 0.148632
0.5 0.1 0.173534
0.55 0.1 0.196297
0.6 0.1 0.214946
0.65 0.1 0.227266
0.7 0.1 0.230946
0.75 0.1 0.223797
0.8 0.1 0.204061
0.85 0.1 0.170773
0.9 0.1 0.124164
0.95 0.1 0.0660348
0 0.2 -0.000248895
0.05 0.2 0.00456668
0.1 0.2 0.0146301
0.15 0.2 0.0300605
0.2 0.2 0.0508787
0.25 0.2 0.0769582
0.3 0.2 0.10796
0.35 0.2 0.143256
0.4 0.2 0.181839
0.45 0.2 0.222236
0.5 0.2 0.262437
0.55 0.2 0.299854
0.6 0.2 0.331335
0.65 0.2 0.353271
0.7 0.2 0.361808
0.75 0.2 0.353195
0.8 0.2 0.324284
0.85 0.2 0.273151
0.9 0.2 0.199799
0.95 0.2 0.106838
0 0.3 -0.00290621
0.05 0.3 0.00148118
0.1 0.3 0.0133132
0.15 0.3 0.0326887
0.2 0.3 0.0596102
0.25 0.3 0.0939142
0.3 0.3 0.135177
0.35 0.3 0.1826
0.4 0.3 0.234879
0.45 0.3 0.290074
0.5 0.3 0.345494
0.55 0.3 0.397629
0.6 0.3 0.442153
0.65 0.3 0.474057
0.7 0.3 0.487929
0.75 0.3 0.478441
0.8 0.3 0.441035
0.85 0.3 0.372811
0.9 0.3 0.273536
0.95 0.3 0.146641
0 0.4 -0.00600327
0.05 0.4 -0.00263963
0.1 0.4 0.0102274
0.15 0.4 0.0326905
0.2 0.4 0.0647464
0.25 0.4 0.106208
0.3 0.4 0.156585
0.35 0.4 0.214932
0.4 0.4 0.279683
0.45 0.4 0.348474
0.5 0.4 0.417992
0.55 0.4 0.483875
0.6 0.4 0.540709
0.65 0.4 0.582178
0.7 0.4 0.601414
0.75 0.4 0.591604
0.8 0.4 0.546865
0.85 0.4 0.463374
0.9 0.4 0.340664
0.95 0.4 0.18292
0 0.5 -0.00934855
0.05 0.5 -0.00749045
0.1 0.5 0.00569392
0.15 0.5 0.0302925
0.2 0.5 0.0663013
0.25 0.5 0.113522
0.3 0.5 0.171416
0.35 0.5 0.238927
0.4 0.5 0.314275
0.45 0.5 0.394744
0.5 0.5 0.476493
0.55 0.5 0.554429
0.6 0.5 0.622192
0.65 0.5 0.672325
0.7 0.5 0.69668
0.75 0.5 0.687129
0.8 0.5 0.636607
0.85 0.5 0.540452
0.9 0.5 0.397964
0.95 0.5 0.213957
0 0.6 -0.0127604
0.05 0.6 -0.0127671
0.1 0.6 6.93347e-05
0.15 0.6 0.0258248
0.2 0.6 0.0644946
0.25 0.6 0.115877
0.3 0.6 0.179408
0.35 0.6 0.253959
0.4 0.6 0.337597
0.45 0.6 0.427341
0.5 0.6 0.518943
0.55 0.6 0.606732
0.6 0.6 0.683589
0.65 0.6 0.741128
0.7 0.6 0.770147
0.75 0.6 0.761425
0.8 0.6 0.706896
0.85 0.6 0.601174
0.9 0.6 0.443319
0.95 0.6 0.238615
0 0.7 -0.0160451
0.05 0.7 -0.0181267
0.1 0.7 -0.006204
0.15 0.7 0.0197753
0.2 0.7 0.0598017
0.25 0.7 0.113677
0.3 0.7 0.180833
0.35 0.7 0.260107
0.4 0.7 0.349481
0.45 0.7 0.445807
0.5 0.7 0.544563
0.55 0.7 0.639672
0.6 0.7 0.723471
0.65 0.7 0.786889
0.7 0.7 0.819929
0.75 0.7 0.812534
0.8 0.7 0.755849
0.85 0.7 0.643894
0.9 0.7 0.475491
0.95 0.7 0.25622
0 0.8 -0.0190021
0.05 0.8 -0.0232
0.1 0.8 -0.0126201
0.15 0.8 0.0127532
0.2 0.8 0.0529003
0.25 0.8 0.10763
0.3 0.8 0.17639
0.35 0.8 0.258023
0.4 0.8 0.350488
0.45 0.8 0.450574
0.5 0.8 0.55362
0.55 0.8 0.65333
0.6 0.8 0.741718
0.65 0.8 0.809289
0.7 0.8 0.845536
0.75 0.8 0.839838
0.8 0.8 0.782793
0.85 0.8 0.667972
0.9 0.8 0.49397
0.95 0.8 0.266483
0 0.9 -0.0214409
0.05 0.9 -0.0276246
0.1 0.9 -0.018661
0.15 0.9 0.00541763
0.2 0.9 0.0445754
0.25 0.9 0.0986319
0.3 0.9 0.167064
0.35 0.9 0.248755
0.4 0.9 0.341707
0.45 0.9 0.442734
0.5 0.9 0.547179
0.55 0.9 0.648704
0.6 0.9 0.739229
0.65 0.9 0.8091
0.7 0.9 0.847591
0.75 0.9 0.843806
0.8 0.9 0.788043
0.85 0.9 0.673591
0.9 0.9 0.49884
0.95 0.9 0.269425
0 1 -0.0231979
0.05 1 -0.0310803
0.1 1 -0.0238506
0.15 1 -0.00159735
0.2 1 0.0356224
0.25 1 0.0876397
0.3 1 0.153974
0.35 1 0.233578
0.4 1 0.32455
0.45 1 0.423819
0.5 1 0.526856
0.55 1 0.627454
0.6 1 0.717659
0.65 1 0.78792
0.7 1 0.827578
0.75 1 0.825753
0.8 1 0.7727
0.85 1 0.6616
0.9 1 0.49067
0.95 1 0.26533
0 1.1 -0.0241504
0.05 1.1 -0.0333162
0.1 1.1 -0.0277976
0.15 1.1 -0.0077426
0.2 1.1 0.0267677
0.25 1.1 0.0755766
0.3 1.1 0.138254
0.35 1.1 0.213846
0.4 1.1 0.300591
0.45 1.1 0.395607
0.5 1.1 0.494608
0.55 1.1 0.591678
0.6 1.1 0.67919
0.65 1.1 0.747942
0.7 1.1 0.787619
0.75 1.1 0.787642
0.8 1.1 0.738475
0.85 1.1 0.633368
0.9 1.1 0.470418
0.95 1.1 0.25469
0 1.2 -0.0242247
0.05 1.2 -0.0341689
0.1 1.2 -0.0302237
0.15 1.2 -0.0125942
0.2 1.2 0.0186143
0.25 1.2 0.0632573
0.3 1.2 0.12096
0.35 1.2 0.190879
0.4 1.2 0.271427
0.45 1.2 0.359974
0.5 1.2 0.452571
0.55 1.2 0.543731
0.6 1.2 0.626337
0.65 1.2 0.691763
0.7 1.2 0.730291
0.75 1.2 0.731908
0.8 1.2 0.687535
0.85 1.2 0.590669
0.9 1.2 0.439345
0.95 1.2 0.238161
0 1.3 -0.0233993
0.05 1.3 -0.0335688
0.1 1.3 -0.0309759
0.15 1.3 -0.0158742
0.2 1.3 0.0116099
0.25 1.3 0.0513447
0.3 1.3 0.103013
0.35 1.3 0.165891
0.4 1.3 0.238588
0.45 1.3 0.318776
0.5 1.3 0.402922
0.55 1.3 0.486078
0.6 1.3 0.561797
0.65 1.3 0.622221
0.7 1.3 0.65846
0.75 1.3 0.66131
0.8 1.3 0.622374
0.85 1.3 0.535569
0.9 1.3 0.398937
0.95 1.3 0.216527
0 1.4 -0.0217035
0.05 1.4 -0.0315395
0.1 1.4 -0.0300277
0.15 1.4 -0.0174557
0.2 1.4 0.00603586
0.25 1.4 0.0403286
0.3 1.4 0.0851628
0.35 1.4 0.139937
0.4 1.4 0.203474
0.45 1.4 0.273776
0.5 1.4 0.347784
0.55 1.4 0.421183
0.6 1.4 0.488318
0.65 1.4 0.542265
0.7 1.4 0.575155
0.75 1.4 0.578803
0.8 1.4 0.545696
0.85 1.4 0.470334
0.9 1.4 0.350842
0.95 1.4 0.190661
0 1.5 -0.0192137
0.05 1.5 -0.0281905
0.1 1.5 -0.0274706
0.15 1.5 -0.0173551
0.2 1.5 0.00201021
0.25 1.5 0.0305222
0.3 1.5 0.0679761
0.35 1.5 0.113891
0.4 1.5 0.167309
0.45 1.5 0.22658
0.5 1.5 0.289157
0.55 1.5 0.351423
0.6 1.5 0.408608
0.65 1.5 0.454849
0.7 1.5 0.483454
0.75 1.5 0.487429
0.8 1.5 0.460319
0.85 1.5 0.39735
0.9 1.5 0.296807
0.95 1.5 0.161495
0 1.6 -0.0160469
0.05 1.6 -0.0237063
0.1 1.6 -0.0234998
0.15 1.6 -0.0157176
0.2 1.6 -0.000498485
0.25 1.6 0.0220717
0.3 1.6 0.0518392
0.35 1.6 0.088438
0.4 1.6 0.131126
0.45 1.6 0.178609
0.5 1.6 0.228869
0.55 1.6 0.279023
0.6 1.6 0.325253
0.65 1.6 0.362844
0.7 1.6 0.386393
0.75 1.6 0.390229
0.8 1.6 0.369091
0.85 1.6 0.31905
0.9 1.6 0.23863
0.95 1.6 0.129996
0 1.7 -0.0123537
0.05 1.7 -0.0183332
0.1 1.7 -0.0183966
0.15 1.7 -0.0127962
0.2 1.7 -0.00165094
0.25 1.7 0.0149732
0.3 1.7 0.0369686
0.35 1.7 0.064076
0.4 1.7 0.0957598
0.45 1.7 0.131075
0.5 1.7 0.168537
0.55 1.7 0.206012
0.6 1.7 0.240663
0.65 1.7 0.268971
0.7 1.7 0.286891
0.75 1.7 0.290164
0.8 1.7 0.274816
0.85 1.7 0.237856
0.9 1.7 0.178113
0.95 1.7 0.0971396
0 1.8 -0.00831197
0.05 1.8 -0.012366
0.1 1.8 -0.0125094
0.15 1.8 -0.00892961
0.2 1.8 -0.001713
0.25 1.8 0.00909602
0.3 1.8 0.0234307
0.35 1.8 0.0411281
0.4 1.8 0.0618463
0.45 1.8 0.084976
0.5 1.8 0.109553
0.55 1.8 0.134187
0.6 1.8 0.15702
0.65 1.8 0.175742
0.7 1.8 0.187692
0.75 1.8 0.190056
0.8 1.8 0.180201
0.85 1.8 0.156129
0.9 1.8 0.117033
0.95 1.8 0.0638933
0 1.9 -0.00412091
0.05 1.9 -0.00613571
0.1 1.9 -0.00623494
0.15 1.9 -0.004518
0.2 1.9 -0.00102989
0.25 1.9 0.00420755
0.3 1.9 0.0111632
0.35 1.9 0.01976
0.4 1.9 0.0298346
0.45 1.9 0.0410936
0.5 1.9 0.0530706
0.55 1.9 0.0650908
0.6 1.9 0.0762505
0.65 1.9 0.0854243
0.7 1.9 0.0913117
0.75 1.9 0.0925359
0.8 1.9 0.0878045
0.85 1.9 0.0761317
0.9 1.9 0.0571108
0.95 1.9 0.0312049
